出発地のノード番号,到着側のノード番号,ウェイの距離[m]
4249,4300,78.71
4300,4299,434.98
4393,36679,80.34
36679,36676,79.74
36676,4371,545.01
20298,68822,68.15
68822,2483,119.49
2483,56124,13.73
56124,37799,12.54
37799,56131,120.57
56131,55127,16.62
55127,56126,11.75
56126,13505,66.03
13505,56136,54.31
56136,55114,16.41
55114,56133,10.32
56133,50101,120.23
50101,50112,15.08
50112,13557,52.4
13557,13567,53.94
13567,48414,63.64
48414,56106,17.09
56106,13607,141.14
13607,60877,110.48
60877,20077,18.09
20077,1097,254.15
7318,14197,14.19
14197,7318,14.19
14197,29808,5.09
29808,14197,5.09
29808,62223,85.81
62223,29808,85.81
62223,14693,16.2
14693,62223,16.2
14693,22407,81.63
22407,14693,81.63
22407,14185,25.52
14185,22407,25.52
14185,29811,32.18
29811,14185,32.18
29811,23220,15.43
23220,29811,15.43
23220,29813,18.46
29813,23220,18.46
29813,23221,10.29
23221,29813,10.29
23221,14174,28.09
14174,23221,28.09
14174,81138,36.25
81138,14174,36.25
81138,36603,15.54
36603,81138,15.54
56484,31527,7.43
16005,40265,27.48
40265,37775,19.02
37775,14167,64.84
14167,61991,49.18
61991,37774,39.17
37774,7152,11.03
7152,65668,6.45
65668,64237,24.28
64237,64238,21.92
64238,37772,86.72
37772,41497,7.18
41497,37771,3.94
37771,7132,5.0
7132,62009,10.09
62009,7134,53.92
21753,37766,13.38
37766,21753,13.38
37766,14131,91.02
14131,37766,91.02
14131,41516,7.51
41516,14131,7.51
41516,14133,20.98
14133,41516,20.98
14133,37769,76.69
37769,14133,76.69
37769,41517,102.8
41517,37769,102.8
17205,17206,3.73
17206,17205,3.73
17206,4254,35.63
4254,17206,35.63
4254,21356,58.84
21356,4254,58.84
21356,17213,45.78
17213,21356,45.78
17213,17215,16.46
17215,17213,16.46
17215,17224,80.61
17224,17215,80.61
17224,4255,12.25
4255,17224,12.25
4255,17234,78.74
17234,4255,78.74
17234,4256,27.65
4256,17234,27.65
4256,17242,21.59
17242,4256,21.59
17242,60439,43.35
60439,17242,43.35
60439,60432,9.08
60432,60439,9.08
60432,4257,8.81
4257,60432,8.81
4257,17251,50.17
17251,4257,50.17
17251,43365,48.07
43365,17251,48.07
43365,4259,17.31
4259,43365,17.31
4259,43366,15.21
43366,4259,15.21
43366,4260,66.61
4260,43366,66.61
4260,17255,20.77
17255,4260,20.77
17255,4262,19.09
4262,17255,19.09
4262,4263,48.84
4263,4262,48.84
4263,50337,57.68
50337,4263,57.68
50337,4265,9.87
4265,50337,9.87
4265,50340,11.57
50340,4265,11.57
50340,4266,54.38
4266,50340,54.38
4266,4267,60.02
4267,4266,60.02
4267,4268,49.88
4268,4267,49.88
4268,50368,9.4
50368,4268,9.4
50368,17392,18.73
17392,50368,18.73
17392,50371,20.7
50371,17392,20.7
50371,69610,69.84
69610,50371,69.84
69610,69611,24.02
69611,69610,24.02
69611,69612,78.59
69612,69611,78.59
69612,17453,20.58
17453,69612,20.58
17453,85596,7.66
85596,17453,7.66
85596,69613,29.1
69613,85596,29.1
69613,13128,41.4
13128,69613,41.4
13128,69615,9.7
69615,13128,9.7
69615,13123,103.47
13123,69615,103.47
13123,7084,1.23
7084,13123,1.23
68891,68892,27.85
68892,68891,27.85
68892,68893,47.33
68893,68892,47.33
68893,68894,51.62
68894,68893,51.62
68894,68895,35.03
68895,68894,35.03
68895,68896,48.66
68896,68895,48.66
68896,68897,48.68
68897,68896,48.68
68897,68901,41.74
68901,68897,41.74
68901,10924,24.03
10924,68901,24.03
10924,68903,26.15
68903,10924,26.15
68903,36689,22.45
36689,68903,22.45
36689,68904,14.9
68904,36689,14.9
68904,36704,16.86
36704,68904,16.86
36704,68905,13.91
68905,36704,13.91
68905,37021,24.0
37021,68905,24.0
37021,10927,31.6
10927,37021,31.6
10927,68906,42.82
68906,10927,42.82
68906,44736,72.56
44736,68906,72.56
44736,68908,102.48
68908,44736,102.48
68908,68909,80.32
68909,68908,80.32
68909,68910,20.11
68910,68909,20.11
68910,68911,23.67
68911,68910,23.67
68911,10917,12.62
10917,68911,12.62
10917,68912,9.57
68912,10917,9.57
68912,68913,17.79
68913,68912,17.79
68913,68914,24.78
68914,68913,24.78
68914,68915,51.04
68915,68914,51.04
68915,68917,165.55
68917,68915,165.55
68917,7124,6.43
7124,68917,6.43
88024,43513,8.0
43513,88024,8.0
43513,14060,65.25
14060,43513,65.25
14060,14056,22.97
14056,14060,22.97
14056,88030,52.21
88030,14056,52.21
88030,20017,10.94
20017,88030,10.94
35417,48408,12.8
48408,35417,12.8
48408,22629,17.67
22629,48408,17.67
22629,31859,13.92
31859,22629,13.92
31859,12118,83.86
12118,31859,83.86
12118,31751,11.65
31751,12118,11.65
31751,12117,9.09
12117,31751,9.09
12117,31721,61.8
31721,12117,61.8
31721,34066,49.86
34066,31721,49.86
34066,17553,12.12
17553,34066,12.12
17553,34062,3.46
34062,17553,3.46
34062,34063,3.28
34063,34062,3.28
34063,88043,3.79
88043,34063,3.79
88043,34061,13.79
34061,88043,13.79
34061,88044,43.78
88044,34061,43.78
88044,9517,24.77
9517,88044,24.77
9517,88045,24.76
88045,9517,24.76
88045,88046,31.29
88046,88045,31.29
88046,17550,22.33
17550,88046,22.33
78856,78857,12.9
78972,2823,8.53
2823,78973,11.56
78973,78975,56.57
78975,78978,66.86
78978,19230,160.0
19230,78982,17.29
21369,78991,9.75
78991,21369,9.75
78991,14889,14.53
14889,78991,14.53
14889,33503,19.52
33503,14889,19.52
33503,79038,75.91
79038,33503,75.91
79038,6383,10.15
6383,79038,10.15
6383,41311,6.4
41311,6383,6.4
56485,5577,5.13
5577,34129,7.64
34129,19032,1.48
19032,34132,186.3
34132,64899,4.9
64899,56482,12.95
56482,34134,7.59
34134,34135,74.86
34135,41793,7.3
41793,65342,12.52
78991,24520,17.8
24520,33505,64.69
33505,41794,38.74
41794,82689,61.22
82689,41795,51.81
41795,36150,73.21
36150,82671,10.65
82671,36148,13.45
36148,82656,92.56
82656,41796,63.31
41796,44199,178.46
44199,29032,23.24
29032,36146,35.07
36146,41797,6.76
41797,41798,50.05
41798,41799,66.55
41799,41800,21.0
41800,41801,15.69
41801,66826,1.21
66826,25441,13.23
25441,35379,7.69
35379,35377,4.19
35377,25465,9.21
1110,36669,89.76
36669,64942,9.23
64942,64943,7.54
64943,36668,7.41
36668,36667,6.34
36667,64944,6.22
64944,36666,6.63
36666,64945,6.6
64945,36665,7.35
36665,64946,7.02
64946,36664,6.74
36664,23750,6.25
23750,64947,6.62
64947,36663,7.57
36663,23752,9.25
23752,64948,8.61
64948,36662,8.61
36662,23759,8.92
23759,64949,9.92
64949,36661,11.12
36661,23763,11.29
23763,64950,26.03
64951,12876,66.88
12876,12877,20.45
12877,36650,18.86
36650,12878,19.61
12878,12879,28.56
12879,12880,25.24
1226,1235,78.87
1235,1234,45.63
1234,1233,33.79
1233,1232,38.56
1232,1231,29.13
1231,1230,75.14
38692,49054,35.97
49054,38692,35.97
49054,49064,56.51
49064,49054,56.51
49064,79957,34.91
79957,49064,34.91
79957,49058,46.23
49058,79957,46.23
49058,4555,5.17
4555,49058,5.17
4555,18484,19.29
18484,4555,19.29
18484,38715,13.12
38715,18484,13.12
38715,48985,78.39
48985,38715,78.39
48985,18485,30.13
18485,48985,30.13
18485,26241,51.1
26241,18485,51.1
26241,38748,33.6
38748,26241,33.6
38748,4556,47.98
4556,38748,47.98
4556,80015,26.14
80015,4556,26.14
80015,18486,19.53
18486,80015,19.53
18486,4559,35.55
4559,18486,35.55
4559,4561,29.04
4561,4559,29.04
4561,38757,10.21
38757,4561,10.21
38757,18479,26.48
18479,38757,26.48
18479,4558,49.95
4558,18479,49.95
4558,18480,26.6
18480,4558,26.6
18480,4557,31.74
4557,18480,31.74
4557,48971,22.09
48971,4557,22.09
48971,18481,10.97
18481,48971,10.97
18481,4560,102.74
4560,18481,102.74
4560,18482,31.47
18482,4560,31.47
18482,4562,19.32
4562,18482,19.32
4562,4563,18.32
4563,4562,18.32
4563,4564,27.28
4564,4563,27.28
4564,18483,26.06
18483,4564,26.06
18483,51001,43.93
51001,18483,43.93
51001,51003,14.58
51003,51001,14.58
51003,51002,20.25
51002,51003,20.25
51002,51004,15.17
51004,51002,15.17
51004,51883,34.29
51883,51004,34.29
51883,80149,41.31
80149,51883,41.31
80149,49016,21.25
49016,80149,21.25
49016,49013,98.74
49013,49016,98.74
49013,80178,153.57
80178,49013,153.57
80178,51013,31.41
51013,80178,31.41
51013,51015,43.99
51015,51013,43.99
51015,51016,26.46
51016,51015,26.46
51016,18491,52.58
18491,51016,52.58
18491,51017,16.4
51017,18491,16.4
51017,51018,24.24
51018,51017,24.24
51018,80253,84.05
80253,51018,84.05
80253,80284,61.92
80284,80253,61.92
80284,80296,65.19
80296,80284,65.19
80296,80316,12.29
80316,80296,12.29
80316,18487,84.68
18487,80316,84.68
18487,51020,35.65
51020,18487,35.65
51020,1242,15.81
1242,51020,15.81
1242,18488,19.66
18488,1242,19.66
18488,18489,57.15
18489,18488,57.15
18489,80433,38.82
80433,18489,38.82
80433,18490,65.11
18490,80433,65.11
18490,80465,74.39
80465,18490,74.39
80465,18472,33.84
18472,80465,33.84
18472,18473,75.41
18473,18472,75.41
18473,80499,94.96
80499,18473,94.96
80499,18474,64.67
18474,80499,64.67
18474,18475,125.35
18475,18474,125.35
18475,18476,131.27
18476,18475,131.27
18476,80531,52.19
80531,18476,52.19
80531,80533,12.68
80533,80531,12.68
80533,80545,224.14
80545,80533,224.14
80545,18477,74.78
18477,80545,74.78
18477,18478,76.08
18478,18477,76.08
18478,51022,37.69
51022,18478,37.69
51022,85028,33.25
85028,51022,33.25
85028,86762,22.51
86762,85028,22.51
18464,44762,17.73
44762,18464,17.73
44762,4586,10.39
4586,44762,10.39
4586,4587,30.6
4587,4586,30.6
4587,44755,36.49
44755,4587,36.49
44755,4590,57.07
4590,44755,57.07
4590,9389,21.96
9389,4590,21.96
9389,18468,18.98
18468,9389,18.98
18468,39523,22.76
39523,18468,22.76
39523,39524,3.41
39524,39523,3.41
39524,18469,58.82
18469,39524,58.82
18469,4591,45.4
4591,18469,45.4
4591,18470,32.12
18470,4591,32.12
18470,4592,21.79
4592,18470,21.79
4592,4593,22.71
4593,4592,22.71
4593,39580,63.22
39580,4593,63.22
39580,18471,66.94
18471,39580,66.94
18471,3293,42.68
3293,18471,42.68
3293,3294,44.52
3294,3293,44.52
3294,18431,47.56
18431,3294,47.56
18431,18432,94.53
18432,18431,94.53
18432,39723,71.95
39723,18432,71.95
39723,39731,60.56
39731,39723,60.56
39731,18450,67.8
18450,39731,67.8
18450,42704,9.73
42704,18450,9.73
42704,39788,55.47
39788,42704,55.47
39788,18451,107.53
18451,39788,107.53
18451,80756,31.87
80756,18451,31.87
80756,39826,12.55
39826,80756,12.55
39826,39842,17.57
39842,39826,17.57
39842,3300,38.54
3300,39842,38.54
3300,18452,25.21
18452,3300,25.21
18452,18453,81.9
18453,18452,81.9
18453,3305,49.84
3305,18453,49.84
3305,18454,52.84
18454,3305,52.84
18454,39879,10.39
39879,18454,10.39
39879,18455,22.19
18455,39879,22.19
18455,3306,19.28
3306,18455,19.28
3306,18456,41.41
18456,3306,41.41
18456,3304,37.67
3304,18456,37.67
3304,3303,22.94
3303,3304,22.94
3303,35944,38.18
35944,3303,38.18
35944,18443,94.98
18443,35944,94.98
18443,3297,42.23
3297,18443,42.23
3297,3296,33.18
3296,3297,33.18
3296,42687,11.78
42687,3296,11.78
42687,18444,17.56
18444,42687,17.56
18444,3295,39.83
3295,18444,39.83
3295,18445,28.48
18445,3295,28.48
18445,3298,36.91
3298,18445,36.91
3298,18446,141.48
18446,3298,141.48
18446,3299,64.72
3299,18446,64.72
3299,3302,83.49
3302,3299,83.49
3302,58294,93.24
58294,3302,93.24
58294,3307,57.37
3307,58294,57.37
3307,3308,82.62
3308,3307,82.62
3308,3311,55.43
3311,3308,55.43
3311,18447,29.58
18447,3311,29.58
18447,3313,22.92
3313,18447,22.92
3313,3314,22.34
3314,3313,22.34
3314,18448,19.93
18448,3314,19.93
18448,3312,28.25
3312,18448,28.25
3312,32007,19.23
32007,3312,19.23
32007,18449,52.62
18449,32007,52.62
18449,86763,43.25
86763,18449,43.25
1457,18422,9.81
18422,1457,9.81
18422,28967,159.69
28967,18422,159.69
28967,18423,48.52
18423,28967,48.52
18423,4028,47.27
4028,18423,47.27
4028,28977,9.55
28977,4028,9.55
28977,18424,36.74
18424,28977,36.74
18424,16128,83.87
16128,18424,83.87
18423,28983,27.66
28983,18423,27.66
28983,81746,10.69
81746,28983,10.69
81746,3973,26.66
3973,81746,26.66
3973,18425,19.25
18425,3973,19.25
18425,18426,81.72
18426,18425,81.72
18426,18427,155.94
18427,18426,155.94
18427,18433,60.25
18433,18427,60.25
18433,81747,34.1
81747,18433,34.1
81747,18428,32.1
18428,81747,32.1
18428,18429,156.03
18429,18428,156.03
18429,18430,97.96
18430,18429,97.96
18430,28983,32.57
28983,18430,32.57
18428,18427,18.91
18427,18428,18.91
65062,51660,15.49
51660,65062,15.49
51660,65077,103.11
65077,51660,103.11
49854,2888,2.31
2888,60390,54.91
60390,41191,147.32
41191,49835,12.06
49835,40684,6.86
40684,41247,103.66
41247,9499,12.24
9499,41246,12.73
41246,9500,15.01
9500,9501,36.2
9501,9502,45.81
9502,9503,53.72
9503,40669,33.34
40669,9504,10.03
9504,40666,14.9
40666,9505,41.7
9505,60377,38.69
60377,9506,51.99
9506,9507,70.46
9507,9508,83.65
9508,9509,78.68
9509,40656,12.8
40656,49809,16.7
49809,40652,18.85
40652,9510,24.56
9510,9511,57.18
9511,9512,42.69
9512,40642,22.38
40642,9498,12.6
9498,40638,13.09
40638,9513,38.21
9513,9514,62.66
9514,48348,18.98
48348,49806,12.75
49806,9519,61.63
9519,49805,53.74
49805,43663,41.04
43663,9523,17.61
9523,43661,15.05
43661,9526,62.64
9526,9527,74.57
9527,9529,91.56
9529,43658,35.9
43658,49796,8.86
49796,9545,21.8
9545,43656,144.52
43656,9547,10.88
9547,43654,9.31
43654,9548,22.11
9548,60896,17.85
60896,9550,113.5
9550,43650,35.47
43650,1426,11.71
20716,8063,11.82
8063,20716,11.82
8063,24615,10.84
24615,8063,10.84
24615,21301,35.87
21301,24615,35.87
21301,49231,15.01
49231,21301,15.01
49231,49229,45.7
49229,49231,45.7
49229,38307,9.94
38307,49229,9.94
38307,49227,42.4
49227,38307,42.4
49227,38305,1.11
38305,49227,1.11
38305,49226,5.09
49226,38305,5.09
49226,41682,43.94
41682,49226,43.94
41682,8423,19.99
8423,41682,19.99
8423,21300,6.36
21300,8423,6.36
21300,5858,6.94
5858,21300,6.94
5858,8428,5.93
8428,5858,5.93
8428,38301,82.59
38301,8428,82.59
38301,41679,19.25
41679,38301,19.25
41679,75338,45.49
75338,41679,45.49
75338,21302,13.34
21302,75338,13.34
21302,75272,94.29
75272,21302,94.29
75272,20343,45.59
20343,75272,45.59
20343,20917,5.54
20917,20343,5.54
20917,21303,5.31
21303,20917,5.31
21303,38296,90.82
38296,21303,90.82
38296,6716,65.22
6716,38296,65.22
6716,20354,53.6
20354,6716,53.6
20354,6661,5.03
6661,20354,5.03
6661,21474,5.88
21474,6661,5.88
21474,21304,24.8
21304,21474,24.8
21304,20358,15.79
20358,21304,15.79
20358,20367,29.88
20367,20358,29.88
20367,21456,26.7
21456,20367,26.7
21456,74945,5.5
74945,21456,5.5
74945,51112,28.83
51112,74945,28.83
51112,74845,56.62
74845,51112,56.62
74845,20365,22.79
20365,74845,22.79
20365,21305,8.86
21305,20365,8.86
21305,38287,29.9
38287,21305,29.9
38287,38285,39.08
38285,38287,39.08
38285,21306,33.32
21306,38285,33.32
21306,38284,59.8
38284,21306,59.8
38284,74648,11.6
74648,38284,11.6
74648,74578,117.42
74578,74648,117.42
74578,74524,51.83
74524,74578,51.83
74524,18297,56.9
18297,74524,56.9
18297,74440,44.96
74440,18297,44.96
74440,18295,62.08
18295,74440,62.08
18295,18294,16.65
18294,18295,16.65
18294,18293,20.78
18293,18294,20.78
18293,6192,24.08
6192,18293,24.08
6192,21307,21.9
21307,6192,21.9
21307,74340,52.09
74340,21307,52.09
74340,18292,37.8
18292,74340,37.8
18292,18291,63.43
18291,18292,63.43
18291,74268,40.77
74268,18291,40.77
74268,18289,80.07
18289,74268,80.07
18289,21308,42.44
21308,18289,42.44
21308,18281,20.06
18281,21308,20.06
18281,18272,25.6
18272,18281,25.6
18272,21309,110.22
21309,18272,110.22
21309,74120,118.79
74120,21309,118.79
74120,32347,137.73
32347,74120,137.73
21309,74200,128.27
74200,21309,128.27
74200,14979,97.91
14979,74200,97.91
14979,21310,52.83
21310,14979,52.83
21310,6153,68.76
6153,21310,68.76
6153,6170,65.81
6170,6153,65.81
6170,21311,212.94
21311,6170,212.94
21311,14980,85.49
14980,21311,85.49
14980,21312,44.12
21312,14980,44.12
21311,74274,131.35
74274,21311,131.35
74274,19583,51.87
19583,74274,51.87
19583,60254,56.68
60254,19583,56.68
60254,19578,11.64
19578,60254,11.64
12717,5887,59.26
5887,12717,59.26
5887,43567,49.09
43567,5887,49.09
43567,24387,102.09
24387,43567,102.09
24387,2069,8.09
2069,24387,8.09
2069,12718,7.72
12718,2069,7.72
12718,24386,40.38
24386,12718,40.38
24386,24385,11.51
24385,24386,11.51
24385,81912,48.9
81912,24385,48.9
81912,9367,100.57
9367,81912,100.57
9367,12719,5.67
12719,9367,5.67
86778,26177,123.27
26177,86778,123.27
26177,87512,166.55
87512,26177,166.55
87512,86779,36.13
86779,87512,36.13
86779,26210,130.99
26210,86779,130.99
26210,86780,175.81
86780,26210,175.81
86780,86781,63.43
86781,86780,63.43
86781,86782,51.16
86782,86781,51.16
86782,86783,46.68
86783,86782,46.68
86783,86784,64.91
86784,86783,64.91
86784,86785,24.34
86785,86784,24.34
86785,86786,54.72
86786,86785,54.72
86786,86787,40.39
86787,86786,40.39
86787,86788,62.0
86788,86787,62.0
86788,26348,116.63
26348,86788,116.63
26348,26351,25.0
26351,26348,25.0
26351,26437,258.1
26437,26351,258.1
26437,86789,62.04
86789,26437,62.04
86789,86790,37.77
86790,86789,37.77
86790,86791,33.96
86791,86790,33.96
86791,86792,40.51
86792,86791,40.51
86792,86793,72.7
86793,86792,72.7
86793,26502,10.0
26502,86793,10.0
26502,86794,44.24
86794,26502,44.24
86794,38975,70.12
38975,86794,70.12
38975,86795,54.81
86795,38975,54.81
86795,86796,75.51
86796,86795,75.51
86796,86797,42.3
86797,86796,42.3
86797,86798,40.05
86798,86797,40.05
86798,86799,54.3
86799,86798,54.3
86799,26715,161.06
26715,86799,161.06
26715,86800,89.79
86800,26715,89.79
86800,26761,39.28
26761,86800,39.28
26761,86801,224.06
86801,26761,224.06
86801,26998,190.03
26998,86801,190.03
26998,27011,36.59
27011,26998,36.59
27011,86802,28.62
86802,27011,28.62
86802,87225,272.97
87225,86802,272.97
87225,86804,71.92
86804,87225,71.92
86804,34297,30.02
34297,86804,30.02
34297,86805,19.92
86805,34297,19.92
86805,27305,22.82
27305,86805,22.82
27305,86806,33.85
86806,27305,33.85
86806,86814,122.86
86814,86806,122.86
86814,86815,112.03
86815,86814,112.03
86815,86816,33.46
86816,86815,33.46
86816,86817,51.33
86817,86816,51.33
86817,27517,46.46
27517,86817,46.46
27517,86818,82.38
86818,27517,82.38
86818,86819,78.28
86819,86818,78.28
86819,86822,68.09
86822,86819,68.09
86822,86823,108.16
86823,86822,108.16
86823,27672,70.25
27672,86823,70.25
27672,12976,47.86
12976,27672,47.86
12976,27758,144.33
27758,12976,144.33
27758,27803,95.86
27803,27758,95.86
27803,86824,68.86
86824,27803,68.86
86824,53435,101.05
53435,86824,101.05
53435,27889,73.54
27889,53435,73.54
27889,86825,235.86
86825,27889,235.86
86825,49195,52.98
49195,86825,52.98
49195,86826,172.66
86826,49195,172.66
86826,86827,122.25
86827,86826,122.25
86827,28211,71.7
28211,86827,71.7
28211,86828,68.38
86828,28211,68.38
86828,86829,36.74
86829,86828,36.74
86829,86830,117.72
86830,86829,117.72
86830,86831,150.07
86831,86830,150.07
86831,28478,39.63
28478,86831,39.63
28478,86832,28.33
86832,28478,28.33
10559,10561,32.28
10561,86185,55.32
10563,66703,38.92
19220,19221,113.03
19221,19220,113.03
19221,7079,92.21
7079,19221,92.21
36032,36033,154.36
36033,36032,154.36
36033,64045,56.09
64045,36033,56.09
64045,36034,56.27
36034,64045,56.27
36034,36035,25.35
36035,36034,25.35
36035,37786,52.5
37786,36035,52.5
37786,36036,4.15
36036,37786,4.15
4643,15183,20.68
15183,4643,20.68
15183,4644,18.06
4644,15183,18.06
4644,2412,10.07
2412,4644,10.07
2412,15184,14.68
15184,2412,14.68
15184,4645,14.93
4645,15184,14.93
4645,48635,8.62
48635,4645,8.62
48635,15185,11.91
15185,48635,11.91
15185,4646,21.29
4646,15185,21.29
4646,9354,23.7
9354,4646,23.7
9354,22926,36.36
22926,9354,36.36
22926,4647,4.35
4647,22926,4.35
9570,66708,15.6
66708,9570,15.6
66708,3349,94.32
3349,66708,94.32
3349,2489,130.19
2489,3349,130.19
2489,18639,33.89
18639,2489,33.89
18639,21921,61.59
21921,18639,61.59
21921,4663,128.34
4663,21921,128.34
4663,13534,40.36
13534,4663,40.36
13534,13548,62.45
13548,13534,62.45
13548,13553,57.49
13553,13548,57.49
13553,37195,18.38
37195,13553,18.38
37195,13566,70.96
13566,37195,70.96
13566,13576,33.44
13576,13566,33.44
13576,64646,41.33
64646,13576,41.33
64646,20079,14.44
20079,64646,14.44
20079,64645,11.99
64645,20079,11.99
64645,56481,45.74
56481,64645,45.74
56481,55093,150.38
55093,56481,150.38
55093,13644,39.84
13644,55093,39.84
13644,85858,51.42
85858,13644,51.42
85858,23275,10.63
23275,85858,10.63
23275,85857,14.85
85857,23275,14.85
85857,4656,37.87
4656,85857,37.87
4658,6890,15.0
6890,4658,15.0
6890,66570,11.23
66570,6890,11.23
66570,66557,9.52
66557,66570,9.52
66557,4659,16.8
4659,66557,16.8
4659,66554,14.35
66554,4659,14.35
66554,66564,7.96
66564,66554,7.96
66564,66561,19.31
66561,66564,19.31
66561,66562,6.28
66562,66561,6.28
66562,66567,25.82
66567,66562,25.82
66567,66558,1.33
66558,66567,1.33
66558,6889,6.07
6889,66558,6.07
6889,13817,7.27
13817,6889,7.27
4663,66731,9.65
66731,4663,9.65
66731,4664,54.64
4664,66731,54.64
4664,2506,55.52
2506,4664,55.52
2506,2504,56.86
2504,2506,56.86
2504,21922,15.87
21922,2504,15.87
21922,2496,39.43
2496,21922,39.43
2496,2487,56.01
2487,2496,56.01
2487,5270,97.87
5270,2487,97.87
5270,3348,29.32
3348,5270,29.32
3348,21923,78.6
21923,3348,78.6
21923,15054,25.65
15054,21923,25.65
15054,4665,8.49
4665,15054,8.49
2422,9316,7.99
9316,2422,7.99
9316,2414,69.04
2414,9316,69.04
2414,4643,98.28
4643,2414,98.28
37259,57512,52.76
57512,37259,52.76
57512,36032,56.53
36032,57512,56.53
36032,24720,55.61
24720,36032,55.61
24720,64053,54.16
64053,24720,54.16
64053,37261,52.45
37261,64053,52.45
37261,4621,3.81
4621,37261,3.81
4643,48639,14.54
48639,4643,14.54
48639,48641,32.93
48641,48639,32.93
48641,20080,11.57
20080,48641,11.57
20080,37263,12.26
37263,20080,12.26
37263,37266,97.38
37266,37263,97.38
37266,5695,14.37
5695,37266,14.37
5695,48634,40.59
48634,5695,40.59
48634,37267,52.93
37267,48634,52.93
37267,48648,9.64
48648,37267,9.64
48648,9323,4.12
9323,48648,4.12
9323,37268,9.08
37268,9323,9.08
48414,1100,10.45
1100,48414,10.45
1100,56104,14.43
56104,1100,14.43
56104,50215,41.65
50215,56104,41.65
50215,56103,3.75
56103,50215,3.75
56103,20075,31.53
20075,56103,31.53
50215,56138,6.0
56138,50215,6.0
56138,50247,50.39
50247,56138,50.39
50247,50294,45.38
50294,50247,45.38
50294,50321,45.23
50321,50294,45.23
50321,20076,44.01
20076,50321,44.01
20076,50450,40.36
50450,20076,40.36
50450,56099,45.79
56099,50450,45.79
56099,48430,5.98
48430,56099,5.98
48430,60875,45.27
60875,48430,45.27
60875,1098,12.96
1098,60875,12.96
1098,20077,7.81
20077,1098,7.81
20077,42808,11.64
42808,20077,11.64
42808,13647,65.95
13647,42808,65.95
13647,54289,4.64
54289,13647,4.64
2424,2420,38.82
2420,2424,38.82
2420,48624,124.22
48624,2420,124.22
48624,19219,56.07
19219,48624,56.07
19219,5705,78.06
5705,19219,78.06
5705,12737,6.71
12737,5705,6.71
12737,9318,6.33
9318,12737,6.33
9318,48623,68.94
48623,9318,68.94
48623,20080,88.4
20080,48623,88.4
4655,43613,14.84
43613,4655,14.84
43613,67535,69.8
67535,43613,69.8
67535,2443,4.72
2443,67535,4.72
20086,20087,13.32
20087,20086,13.32
20087,2409,165.11
2409,20087,165.11
2409,48623,13.61
48623,2409,13.61
48623,2410,17.77
2410,48623,17.77
86765,40048,4.19
40048,86765,4.19
40048,3351,5.69
3351,40048,5.69
3351,3352,65.75
3352,3351,65.75
21921,15041,9.48
15041,21921,9.48
15041,21922,54.24
21922,15041,54.24
21923,21924,56.51
21924,21923,56.51
21925,21924,64.42
21924,21925,64.42
21924,21926,27.56
21926,21924,27.56
21927,21928,64.32
21928,21927,64.32
21921,13496,62.93
13496,21921,62.93
13496,57508,56.44
57508,13496,56.44
57508,13497,84.44
13497,57508,84.44
13497,57507,24.53
57507,13497,24.53
57507,55096,79.09
55096,57507,79.09
55096,55104,37.25
55104,55096,37.25
55104,57514,64.02
57514,55104,64.02
57514,55038,22.35
55038,57514,22.35
55038,17751,26.82
17751,55038,26.82
17751,23273,12.38
23273,17751,12.38
23273,17750,10.53
17750,23273,10.53
17750,57513,49.91
57513,17750,49.91
57513,23274,62.98
23274,57513,62.98
23274,13538,39.11
13538,23274,39.11
13538,13544,37.3
13544,13538,37.3
13544,24407,61.6
24407,13544,61.6
24407,37791,5.09
37791,24407,5.09
37791,55110,59.74
55110,37791,59.74
55110,13560,33.59
13560,55110,33.59
13560,13570,45.75
13570,13560,45.75
13570,20078,21.36
20078,13570,21.36
20078,56119,29.26
56119,20078,29.26
56119,32490,9.1
32490,56119,9.1
32490,56111,10.76
56111,32490,10.76
56111,13586,54.33
13586,56111,54.33
13586,42814,27.29
42814,13586,27.29
42814,34935,27.83
34935,42814,27.83
34935,13612,56.33
13612,34935,56.33
13612,13639,71.27
13639,13612,71.27
13639,32526,48.1
32526,13639,48.1
23275,85856,12.59
85856,23275,12.59
85856,13665,46.23
13665,85856,46.23
13665,21994,26.91
21994,13665,26.91
21994,85852,27.47
85852,21994,27.47
85852,13663,31.57
13663,85852,31.57
13663,13660,83.16
13660,13663,83.16
13660,13659,29.05
13659,13660,29.05
13659,13658,72.26
13658,13659,72.26
13658,13655,102.25
13655,13658,102.25
13655,32526,61.05
32526,13655,61.05
19595,57597,12.26
57597,19595,12.26
57597,57594,2.36
57594,57597,2.36
57594,19596,10.2
19596,57594,10.2
19596,19597,27.52
19597,19596,27.52
19597,19598,45.04
19598,19597,45.04
19598,19599,50.99
19599,19598,50.99
19599,19600,74.72
19600,19599,74.72
19600,49813,55.93
49813,19600,55.93
49813,40635,1.92
40635,49813,1.92
40635,66454,6.56
66454,40635,6.56
66454,9498,7.74
9498,66454,7.74
9498,40641,10.68
40641,9498,10.68
40641,66455,102.32
66455,40641,102.32
66455,66168,9.64
66168,66455,9.64
66168,66456,44.27
66456,66168,44.27
66456,51183,21.25
51183,66456,21.25
51183,49749,5.64
49749,51183,5.64
49749,49723,58.19
49723,49749,58.19
49723,66457,79.85
66457,49723,79.85
66457,49695,50.31
49695,66457,50.31
49695,66458,48.43
66458,49695,48.43
66458,44653,70.2
44653,66458,70.2
44653,49665,29.75
49665,44653,29.75
49665,60161,12.92
60161,49665,12.92
60161,66459,30.65
66459,60161,30.65
66459,60134,57.14
60134,66459,57.14
60134,66460,26.79
66460,60134,26.79
66460,63383,39.92
63383,66460,39.92
63383,63382,33.04
63382,63383,33.04
63382,63384,50.78
63384,63382,50.78
63384,63385,52.25
63385,63384,52.25
63385,60022,104.44
60022,63385,104.44
60022,60020,79.15
60020,60022,79.15
60020,60018,43.76
60018,60020,43.76
60018,60017,77.84
60017,60018,77.84
60017,60015,11.66
60015,60017,11.66
60015,50728,34.31
50728,60015,34.31
50728,50730,51.3
50730,50728,51.3
50730,63391,45.99
63391,50730,45.99
63391,60014,32.97
60014,63391,32.97
60014,63386,8.28
63386,60014,8.28
63390,37738,54.23
37738,63390,54.23
37738,63391,57.99
63391,37738,57.99
13464,63392,177.47
63392,13464,177.47
63392,5944,59.95
5944,63392,59.95
5944,43646,71.92
43646,5944,71.92
43646,37022,4.2
37022,43646,4.2
63392,5862,60.33
5862,63392,60.33
5862,5945,60.8
5945,5862,60.8
5945,63393,99.12
63393,5945,99.12
63393,13430,4.05
13430,63393,4.05
13430,64041,105.49
64041,13430,105.49
37744,24410,15.87
24410,37744,15.87
24410,16575,72.57
16575,24410,72.57
16575,41705,7.42
41705,16575,7.42
41705,16574,8.03
16574,41705,8.03
16574,64249,46.95
64249,16574,46.95
64249,13814,37.57
13814,64249,37.57
13814,41706,17.3
41706,13814,17.3
41706,64247,65.89
64247,41706,65.89
64247,16579,30.6
16579,64247,30.6
16579,58042,24.81
58042,16579,24.81
64038,21037,5.04
21037,64038,5.04
21037,64039,23.31
64039,21037,23.31
64039,64040,124.89
64040,64039,124.89
64040,64041,41.08
64041,64040,41.08
24720,64045,152.89
64045,24720,152.89
63385,4088,10.61
4088,63385,10.61
4088,64058,18.86
64058,4088,18.86
64058,64060,46.21
64060,64058,46.21
64060,64061,135.73
64061,64060,135.73
64061,64062,54.03
64062,64061,54.03
64062,50711,150.56
50711,64062,150.56
50711,37628,83.93
37628,50711,83.93
37628,64065,5.14
64065,37628,5.14
64069,37631,6.89
37631,64069,6.89
37631,64065,7.9
64065,37631,7.9
64065,64857,69.76
64857,64065,69.76
64857,49646,50.53
49646,64857,50.53
65691,1440,11.3
1440,65691,11.3
1440,35107,8.56
35107,1440,8.56
35107,13114,103.08
13114,35107,103.08
13114,65692,41.87
65692,13114,41.87
13111,17702,10.5
17702,13111,10.5
17702,10615,54.61
10615,17702,54.61
10615,65693,58.36
65693,10615,58.36
65693,17698,99.4
17698,65693,99.4
17698,65695,9.01
65695,17698,9.01
65695,17699,8.42
17699,65695,8.42
17699,65697,14.84
65697,17699,14.84
65697,65703,12.34
65703,65697,12.34
65703,13115,5.42
13115,65703,5.42
13115,65706,27.59
65706,13115,27.59
65706,65707,16.11
65707,65706,16.11
65707,65708,161.68
65708,65707,161.68
65708,65709,46.33
65709,65708,46.33
65709,65711,31.22
65711,65709,31.22
65711,65712,53.71
65712,65711,53.71
17759,10626,0.55
10626,17759,0.55
10626,58838,18.19
58838,10626,18.19
58838,65718,37.73
65718,58838,37.73
65718,10628,36.42
10628,65718,36.42
10628,85807,16.68
85807,10628,16.68
85807,13144,63.88
13144,85807,63.88
13144,54824,23.89
54824,13144,23.89
54824,17688,20.34
17688,54824,20.34
17688,65719,13.69
65719,17688,13.69
65719,54825,24.37
54825,65719,24.37
54825,65720,25.31
65720,54825,25.31
65720,59165,36.32
59165,65720,36.32
59165,59249,72.82
59249,59165,72.82
59249,65721,14.49
65721,59249,14.49
65721,57713,45.35
57713,65721,45.35
57713,65722,31.35
65722,57713,31.35
65722,59336,20.98
59336,65722,20.98
59336,57705,29.17
57705,59336,29.17
57705,66432,90.28
66432,57705,90.28
66432,57732,18.08
57732,66432,18.08
57732,17752,5.53
17752,57732,5.53
17752,59463,7.45
59463,17752,7.45
59463,17753,6.48
17753,59463,6.48
17753,66433,13.63
66433,17753,13.63
66433,17757,49.19
17757,66433,49.19
17757,13233,11.67
13233,17757,11.67
13233,17758,7.67
17758,13233,7.67
17758,57786,13.74
57786,17758,13.74
57786,66436,34.3
66436,57786,34.3
66436,59593,47.71
59593,66436,47.71
59593,66438,21.99
66438,59593,21.99
66438,57782,16.4
57782,66438,16.4
57782,13272,3.8
13272,57782,3.8
13272,54826,24.97
54826,13272,24.97
54826,66439,14.49
66439,54826,14.49
66439,66440,18.28
66440,66439,18.28
66440,59728,56.39
59728,66440,56.39
59728,66441,36.69
66441,59728,36.69
66441,38723,50.0
38723,66441,50.0
65726,2370,13.24
2370,65726,13.24
2370,2355,116.36
2355,2370,116.36
2355,65728,110.03
65728,2355,110.03
65728,85933,142.26
85933,65728,142.26
85933,65729,19.87
65729,85933,19.87
65729,43630,16.77
43630,65729,16.77
43630,2340,5.36
2340,43630,5.36
2340,85979,1.26
85979,2340,1.26
85979,43631,6.92
43631,85979,6.92
43631,65730,86.22
65730,43631,86.22
65730,15169,58.86
15169,65730,58.86
15169,43642,48.33
43642,15169,48.33
43642,2302,5.19
2302,43642,5.19
2302,43643,5.17
43643,2302,5.17
43643,65731,21.18
65731,43643,21.18
65731,65732,68.75
65732,65731,68.75
65732,15166,31.85
15166,65732,31.85
15166,13191,31.91
13191,15166,31.91
13191,65733,79.08
65733,13191,79.08
65733,85996,62.58
85996,65733,62.58
85996,85959,67.88
85959,85996,67.88
85959,65734,75.76
65734,85959,75.76
65734,65737,94.41
65737,65734,94.41
65737,2237,18.49
2237,65737,18.49
2237,65738,37.62
65738,2237,37.62
65738,15165,22.73
15165,65738,22.73
15165,15164,11.27
15164,15165,11.27
15164,15163,8.19
15163,15164,8.19
15163,65739,7.33
65739,15163,7.33
65739,15613,56.68
15613,65739,56.68
15613,65740,24.46
65740,15613,24.46
65740,21955,68.16
21955,65740,68.16
21955,65741,11.68
65741,21955,11.68
32971,15396,8.98
15396,32971,8.98
15396,20100,215.02
20100,15396,215.02
22861,36070,63.22
36070,22861,63.22
36070,33355,39.04
33355,36070,39.04
33355,20108,68.22
20108,33355,68.22
20108,20109,43.91
20109,20108,43.91
20109,33368,31.48
33368,20109,31.48
33368,20110,39.92
20110,33368,39.92
20110,22766,7.54
22766,20110,7.54
22766,33373,31.1
33373,22766,31.1
20110,22767,8.6
22767,20110,8.6
22767,22768,18.73
22768,22767,18.73
22768,42475,21.23
42475,22768,21.23
42475,42476,19.07
42476,42475,19.07
42476,15411,24.23
15411,42476,24.23
15411,20111,40.76
20111,15411,40.76
20111,20112,28.72
20112,20111,28.72
20112,20113,40.01
20113,20112,40.01
20113,20114,36.49
20114,20113,36.49
20114,20115,89.59
20115,20114,89.59
20115,22785,46.24
22785,20115,46.24
22785,33260,7.11
33260,22785,7.11
33260,42484,17.45
42484,33260,17.45
42484,20116,22.73
20116,42484,22.73
20116,20117,44.56
20117,20116,44.56
20117,20118,58.53
20118,20117,58.53
20118,22852,30.55
22852,20118,30.55
22852,42483,8.33
42483,22852,8.33
42483,22858,5.67
22858,42483,5.67
22858,22856,5.99
22856,22858,5.99
22856,33222,6.94
33222,22856,6.94
33373,20120,30.04
20120,33373,30.04
20120,22771,32.79
22771,20120,32.79
22771,20123,30.38
20123,22771,30.38
20123,22776,18.77
22776,20123,18.77
22776,22772,17.16
22772,22776,17.16
22772,20132,22.41
20132,22772,22.41
20132,20134,24.35
20134,20132,24.35
20134,20113,38.76
20113,20134,38.76
32446,8397,10.57
8397,74844,15.21
74844,2887,77.92
2887,8384,41.61
8384,3729,42.77
3729,21011,27.11
21011,74941,35.38
74941,74971,60.78
74971,21012,40.62
21012,8404,34.09
8404,75033,6.64
75033,8421,8.68
8421,51272,52.51
51272,51268,41.67
51268,21013,12.78
21013,51275,18.9
51275,75203,59.68
75203,49250,98.64
49250,21014,13.76
21014,41681,52.42
41681,41680,54.34
41680,41683,20.46
41683,8432,72.07
8432,21300,8.26
21300,8436,8.21
8436,8443,104.54
8443,29437,17.05
33222,22860,10.6
22860,14230,364.28
14230,21364,6.19
21364,14238,8.88
14238,33391,55.75
33391,14237,125.18
14237,21365,20.47
21365,21315,211.61
21315,21318,5.48
21318,21314,11.02
21314,21322,16.12
21322,21367,166.24
21367,21368,255.96
21368,5821,65.1
3349,37785,8.63
37785,3349,8.63
37785,24720,52.95
24720,37785,52.95
24731,13750,17.91
13750,24731,17.91
13750,13753,60.82
13753,13750,60.82
13753,13754,51.3
13754,13753,51.3
13754,55043,88.68
55043,13754,88.68
55043,13757,50.99
13757,55043,50.99
13757,85847,58.39
85847,13757,58.39
85847,9301,17.77
9301,85847,17.77
5880,86366,12.21
86366,5880,12.21
86366,24738,55.73
24738,86366,55.73
24738,24739,60.7
24739,24738,60.7
24739,86351,150.8
86351,24739,150.8
86351,8033,7.19
8033,86351,7.19
8033,86352,4.2
86352,8033,4.2
86352,24740,179.4
24740,86352,179.4
24740,7830,123.76
7830,24740,123.76
7830,24741,27.92
24741,7830,27.92
24741,86350,57.37
86350,24741,57.37
86350,7773,2.11
7773,86350,2.11
7773,24742,19.52
24742,7773,19.52
24742,7741,50.9
7741,24742,50.9
7741,7711,39.31
7711,7741,39.31
7711,86349,95.15
86349,7711,95.15
86349,7651,14.06
7651,86349,14.06
7651,86339,5.96
86339,7651,5.96
86339,86336,188.28
86336,86339,188.28
86336,7583,8.57
7583,86336,8.57
7583,24743,116.03
24743,7583,116.03
24743,7520,26.91
7520,24743,26.91
7520,42849,85.35
42849,7520,85.35
42849,86335,43.25
86335,42849,43.25
86335,7469,4.79
7469,86335,4.79
7469,24744,46.54
24744,7469,46.54
24744,7430,21.73
7430,24744,21.73
7430,24745,50.38
24745,7430,50.38
24745,86334,41.06
86334,24745,41.06
86334,7399,5.4
7399,86334,5.4
7399,24746,24.77
24746,7399,24.77
24746,7365,49.22
7365,24746,49.22
7365,24748,67.36
24748,7365,67.36
24748,7314,47.4
7314,24748,47.4
7314,24751,107.85
24751,7314,107.85
24751,7239,50.17
7239,24751,50.17
7239,86333,9.3
86333,7239,9.3
86333,7185,142.42
7185,86333,142.42
7185,86332,58.56
86332,7185,58.56
86332,24758,11.27
24758,86332,11.27
24758,86331,8.53
86331,24758,8.53
86331,81517,95.88
81517,86331,95.88
81517,24759,11.69
24759,81517,11.69
24759,81518,21.47
81518,24759,21.47
81518,32916,37.54
32916,81518,37.54
32916,24760,73.63
24760,32916,73.63
24760,44709,28.12
44709,24760,28.12
44709,32689,71.93
32689,44709,71.93
32689,52164,53.95
52164,32689,53.95
52164,7090,3.41
7090,52164,3.41
24773,14937,10.65
14937,24773,10.65
14937,24966,60.29
24966,14937,60.29
24966,5952,55.42
5952,24966,55.42
5952,14935,15.19
14935,5952,15.19
14935,16380,15.53
16380,14935,15.53
16380,16379,2.59
16379,16380,2.59
24793,51702,72.99
51702,24793,72.99
51702,24794,9.51
24794,51702,9.51
24794,51701,7.51
51701,24794,7.51
51701,80884,63.96
80884,51701,63.96
80884,51700,54.05
51700,80884,54.05
51700,24795,7.25
24795,51700,7.25
24795,51699,7.84
51699,24795,7.84
51699,24796,52.03
24796,51699,52.03
24796,44631,62.79
44631,24796,62.79
44631,37743,6.74
37743,44631,6.74
37743,48387,8.76
48387,37743,8.76
48387,30809,6.74
30809,48387,6.74
30809,41872,24.53
41872,30809,24.53
41872,30808,35.12
30808,41872,35.12
30808,41707,43.62
41707,30808,43.62
41707,34101,4.53
34101,41707,4.53
34101,21433,12.8
21433,34101,12.8
21433,64314,4.03
64314,21433,4.03
64314,9240,3.66
9240,64314,3.66
9240,20103,3.39
20103,9240,3.39
6113,21048,50.18
21048,1344,12.17
1344,21046,10.01
21046,13427,65.13
13427,49647,53.37
49647,21042,39.85
21042,64038,13.39
64038,21039,15.28
21039,60905,81.68
60905,12963,15.58
12963,60901,18.7
60901,5946,80.26
5946,5942,59.32
5942,37022,63.5
37022,13468,60.57
13468,43652,109.76
43652,49784,13.61
39895,66717,75.34
66717,10559,481.8
10559,66716,26.07
66716,28206,59.16
2585,65372,2.88
65372,2585,2.88
65372,63709,21.37
63709,65372,21.37
63709,4657,13.0
4657,63709,13.0
4657,65346,25.74
65346,4657,25.74
65346,21539,9.67
21539,65346,9.67
40194,21051,9.11
21051,40194,9.11
21051,13398,101.8
13398,21051,101.8
13398,13400,115.21
13400,13398,115.21
13400,2405,132.59
2405,13400,132.59
41664,19218,50.07
19218,41664,50.07
19218,5706,75.83
5706,19218,75.83
5706,41665,6.02
41665,5706,6.02
42738,42739,47.27
42739,42738,47.27
42739,7079,6.62
7079,42739,6.62
7079,42737,113.67
42737,7079,113.67
42737,42740,27.43
42740,42737,27.43
42740,64031,53.84
64031,42740,53.84
42743,42744,64.42
42744,42743,64.42
42744,41550,7.5
41550,42744,7.5
41550,2368,6.48
2368,41550,6.48
2368,48632,21.18
48632,2368,21.18
48632,2362,38.53
2362,48632,38.53
2362,42748,37.51
42748,2362,37.51
42748,41647,175.4
41647,42748,175.4
41647,41549,20.77
41549,41647,20.77
41549,41648,15.92
41648,41549,15.92
41648,41548,15.29
41548,41648,15.29
41548,41547,21.67
41547,41548,21.67
41547,41650,15.03
41650,41547,15.03
41650,24395,17.6
24395,41650,17.6
24395,63298,26.21
63298,24395,26.21
63298,41651,59.22
41651,63298,59.22
41651,24394,14.81
24394,41651,14.81
24394,41652,11.69
41652,24394,11.69
41652,24393,14.44
24393,41652,14.44
24393,63299,17.34
63299,24393,17.34
63299,24392,11.78
24392,63299,11.78
24392,41655,17.49
41655,24392,17.49
41655,24391,17.69
24391,41655,17.69
24391,63300,21.73
63300,24391,21.73
63300,3982,66.15
3982,63300,66.15
3982,41657,14.04
41657,3982,14.04
41657,24390,16.2
24390,41657,16.2
24390,2290,66.71
2290,24390,66.71
2290,62670,20.69
62670,2290,20.69
62670,58131,58.88
58131,62670,58.88
58131,41658,34.35
41658,58131,34.35
41658,58109,53.42
58109,41658,53.42
58109,58111,34.35
58111,58109,34.35
58111,58114,34.92
58114,58111,34.92
58114,3374,12.68
3374,58114,12.68
3374,24389,26.87
24389,3374,26.87
24389,41659,30.31
41659,24389,30.31
41659,80111,37.08
80111,41659,37.08
80111,41660,32.55
41660,80111,32.55
41660,41661,58.13
41661,41660,58.13
41661,41553,21.63
41553,41661,21.63
41553,2205,83.39
2205,41553,83.39
2205,41556,42.96
41556,2205,42.96
41556,53792,45.47
53792,41556,45.47
53792,41662,3.53
41662,53792,3.53
41662,53234,45.11
53234,41662,45.11
53234,7945,29.79
7945,53234,29.79
7945,41557,49.73
41557,7945,49.73
41557,37746,48.38
37746,41557,48.38
37746,21981,2.0
21981,37746,2.0
21981,41663,11.68
41663,21981,11.68
42749,5703,118.31
5703,42749,118.31
5703,42736,6.17
42736,5703,6.17
42736,9315,6.28
9315,42736,6.28
9315,2436,62.35
2436,9315,62.35
54984,54985,56.92
54985,54984,56.92
54985,54986,11.57
54986,54985,11.57
54986,2569,5.74
2569,54986,5.74
2569,54987,12.05
54987,2569,12.05
54987,2567,18.18
2567,54987,18.18
1696,1694,87.68
1694,1696,87.68
1694,1695,44.37
1695,1694,44.37
