出発地のノード番号,到着側のノード番号,ウェイの距離[m]
17265,16854,329.48
16854,17265,329.48
16854,2869,6.43
2869,16854,6.43
1401,5038,37.97
5038,1401,37.97
5038,22428,55.62
22428,5038,55.62
22428,12435,8.48
12435,22428,8.48
12435,22423,6.64
22423,12435,6.64
22423,679,43.73
679,22423,43.73
679,1402,125.8
1402,679,125.8
1402,17265,28.86
17265,1402,28.86
17265,5925,1.31
5925,17265,1.31
5925,1403,85.27
1403,5925,85.27
1403,6890,140.19
6890,1403,140.19
6890,1404,10.81
1404,6890,10.81
1404,17849,47.04
17849,1404,47.04
17849,3267,5.98
3267,17849,5.98
3267,7146,160.44
7146,3267,160.44
7146,6889,6.89
6889,7146,6.89
6889,6897,10.83
6897,6889,10.83
6897,6901,9.99
6901,6897,9.99
6901,6898,4.22
6898,6901,4.22
6898,6899,12.94
6899,6898,12.94
6899,6900,16.66
6900,6899,16.66
6900,22334,10.29
22334,6900,10.29
22334,6902,36.89
6902,22334,36.89
6902,22331,4.11
22331,6902,4.11
22331,22333,2.79
22333,22331,2.79
22333,12436,5.33
12436,22333,5.33
12436,16859,44.57
16859,12436,44.57
16859,17851,63.71
17851,16859,63.71
17851,16855,38.65
16855,17851,38.65
16855,12437,74.69
12437,16855,74.69
12437,16854,3.27
16854,12437,3.27
16854,12438,108.87
12438,16854,108.87
12438,12439,103.22
12439,12438,103.22
12439,22435,12.06
22435,12439,12.06
22435,12440,28.84
12440,22435,28.84
12440,1405,17.18
1405,12440,17.18
1405,1401,165.21
1401,1405,165.21
10571,10570,1.65
10570,10571,1.65
10570,2016,101.11
2016,10570,101.11
2016,2015,98.5
2015,2016,98.5
2015,10572,28.11
10572,2015,28.11
10572,2004,177.08
2004,10572,177.08
2004,10569,45.83
10569,2004,45.83
10569,2009,4.4
2009,10569,4.4
2009,2014,3.8
2014,2009,3.8
2014,19682,3.21
19682,2014,3.21
19682,19685,75.01
19685,19682,75.01
19685,18442,17.88
18442,19685,17.88
18442,19692,93.95
19692,18442,93.95
19692,10566,4.81
10566,19692,4.81
10566,18430,29.31
18430,10566,29.31
18430,18418,32.62
18418,18430,32.62
18418,19693,139.51
19693,18418,139.51
19693,13700,45.19
13700,19693,45.19
13700,19695,4.32
19695,13700,4.32
19695,22332,4.59
22332,19695,4.59
22332,13686,4.44
13686,22332,4.44
13686,19696,22.85
19696,13686,22.85
19696,19698,116.36
19698,19696,116.36
19698,6903,5.71
6903,19698,5.71
6903,19699,5.06
19699,6903,5.06
19699,18395,36.74
18395,19699,36.74
18395,6904,38.8
6904,18395,38.8
6904,18394,24.42
18394,6904,24.42
18394,18392,141.08
18392,18394,141.08
18392,5046,44.8
5046,18392,44.8
5046,19700,6.21
19700,5046,6.21
19700,22439,7.21
22439,19700,7.21
22439,22440,32.1
22440,22439,32.1
22440,22441,49.05
22441,22440,49.05
22441,18407,73.1
18407,22441,73.1
18407,22446,14.2
22446,18407,14.2
22446,22442,17.44
22442,22446,17.44
22442,22445,13.16
22445,22442,13.16
22445,22449,13.34
22449,22445,13.34
22449,18437,5.17
18437,22449,5.17
18437,18439,57.24
18439,18437,57.24
18439,18443,89.45
18443,18439,89.45
18443,18446,33.36
18446,18443,33.36
18446,19747,41.24
19747,18446,41.24
19747,10571,10.75
10571,19747,10.75
19751,2887,128.33
2887,19751,128.33
2887,19752,95.5
19752,2887,95.5
19752,11349,128.29
11349,19752,128.29
11349,8194,22.1
8194,11349,22.1
8194,22443,15.81
22443,8194,15.81
22443,22437,13.21
22437,22443,13.21
22437,22447,13.79
22447,22437,13.79
22447,22450,17.12
22450,22447,17.12
22450,22448,14.05
22448,22450,14.05
22448,13952,8.12
13952,22448,8.12
13952,6401,75.3
6401,13952,75.3
6401,22467,104.7
22467,6401,104.7
22467,19745,41.2
19745,22467,41.2
19745,10575,6.19
10575,19745,6.19
10575,9533,2.82
9533,10575,2.82
9533,9535,49.21
9535,9533,49.21
9535,9536,128.19
9536,9535,128.19
9536,9537,119.29
9537,9536,119.29
9537,9534,41.26
9534,9537,41.26
19742,6406,6.52
6406,19742,6.52
6406,18454,104.21
18454,6406,104.21
18454,19743,55.11
19743,18454,55.11
19743,10251,18.37
10251,19743,18.37
10251,10249,16.35
10249,10251,16.35
10249,10250,11.76
10250,10249,11.76
10250,18451,10.4
18451,10250,10.4
18451,19744,49.57
19744,18451,49.57
19744,10213,4.92
10213,19744,4.92
10213,2007,5.2
2007,10213,5.2
2007,10236,4.46
10236,2007,4.46
10236,10235,132.12
10235,10236,132.12
10235,10234,5.61
10234,10235,5.61
10234,10233,5.66
10233,10234,5.66
10233,10232,71.92
10232,10233,71.92
10232,10231,7.93
10231,10232,7.93
10231,10230,6.58
10230,10231,6.58
10230,10229,16.78
10229,10230,16.78
10229,10228,4.77
10228,10229,4.77
10228,10227,6.03
10227,10228,6.03
10227,10216,154.4
10216,10227,154.4
10216,19705,41.76
19705,10216,41.76
3828,2857,31.8
2857,3828,31.8
2857,19760,28.02
19760,2857,28.02
19760,19761,48.65
19761,19760,48.65
19761,15556,9.08
15556,19761,9.08
15556,19751,95.8
19751,15556,95.8
4295,6891,8.63
6891,4295,8.63
6891,2883,41.97
2883,6891,41.97
2883,2882,124.51
2882,2883,124.51
2882,2881,71.95
2881,2882,71.95
2881,22421,41.24
22421,2881,41.24
22421,4296,6.24
4296,22421,6.24
4296,22426,10.42
22426,4296,10.42
22426,2884,48.86
2884,22426,48.86
2884,5039,60.4
5039,2884,60.4
5039,10395,10.11
10395,5039,10.11
10395,22432,9.49
22432,10395,9.49
22432,22433,21.97
22433,22432,21.97
22433,2886,17.64
2886,22433,17.64
2886,2018,14.02
2018,2886,14.02
2018,4297,16.92
4297,2018,16.92
4297,4298,116.32
4298,4297,116.32
4298,2027,7.17
2027,4298,7.17
2027,22436,7.41
22436,2027,7.41
22436,2889,40.96
2889,22436,40.96
2889,2890,143.28
2890,2889,143.28
2890,6892,94.07
6892,2890,94.07
6892,22329,3.65
22329,6892,3.65
22329,22330,3.67
22330,22329,3.67
22330,4299,4.07
4299,22330,4.07
4299,2888,39.73
2888,4299,39.73
2888,6896,8.27
6896,2888,8.27
6896,6893,14.05
6893,6896,14.05
6893,6894,16.73
6894,6893,16.73
6894,6895,15.9
6895,6894,15.9
6895,2885,90.28
2885,6895,90.28
2885,4295,137.45
4295,2885,137.45
4904,7196,21.26
7196,4904,21.26
7196,4905,7.99
4905,7196,7.99
4905,18494,33.74
18494,4905,33.74
18494,4906,62.94
4906,18494,62.94
4906,18495,66.42
18495,4906,66.42
18495,4907,31.47
4907,18495,31.47
4907,4909,51.31
4909,4907,51.31
4909,6435,35.7
6435,4909,35.7
6435,4910,6.5
4910,6435,6.5
4910,6430,6.25
6430,4910,6.25
6430,16863,54.95
16863,6430,54.95
16863,4911,133.21
4911,16863,133.21
4911,18473,14.03
18473,4911,14.03
18473,6412,39.28
6412,18473,39.28
6412,4912,6.73
4912,6412,6.73
4912,6410,7.11
6410,4912,7.11
6410,18463,44.12
18463,6410,44.12
18463,18462,102.6
18462,18463,102.6
18462,4913,139.36
4913,18462,139.36
4914,6405,5.28
6405,4914,5.28
6405,18458,60.78
18458,6405,60.78
18458,18459,73.11
18459,18458,73.11
18459,10248,56.95
10248,18459,56.95
10248,18460,49.07
18460,10248,49.07
18460,6408,41.99
6408,18460,41.99
6408,4915,7.57
4915,6408,7.57
4915,6407,7.07
6407,4915,7.07
6407,18456,33.44
18456,6407,33.44
18456,10256,100.02
10256,18456,100.02
10256,10255,10.36
10255,10256,10.36
10255,10254,18.29
10254,10255,18.29
10254,10253,13.78
10253,10254,13.78
10253,10252,8.15
10252,10253,8.15
10252,10257,5.99
10257,10252,5.99
10257,4916,4.5
4916,10257,4.5
4916,4917,71.63
4917,4916,71.63
4917,2005,5.18
2005,4917,5.18
2005,2011,3.98
2011,2005,3.98
2011,10258,4.61
10258,2011,4.61
10258,18449,37.5
18449,10258,37.5
18449,18450,111.29
18450,18449,111.29
18450,9888,136.86
9888,18450,136.86
4920,4919,156.55
4919,4920,156.55
4919,2003,3.32
2003,4919,3.32
2003,3094,124.22
3094,2003,124.22
3094,2012,5.92
2012,3094,5.92
2012,3089,6.19
3089,2012,6.19
3089,4918,4.48
4918,3089,4.48
4918,18445,46.27
18445,4918,46.27
18445,18440,81.32
18440,18445,81.32
18440,10567,62.71
10567,18440,62.71
10567,18413,99.04
18413,10567,99.04
18413,6885,147.31
6885,18413,147.31
6885,22327,4.72
22327,6885,4.72
22327,22328,3.6
22328,22327,3.6
22328,4921,4.6
4921,22328,4.6
4921,18396,44.73
18396,4921,44.73
18396,926,80.69
926,18396,80.69
926,18393,111.31
18393,926,111.31
18393,2024,40.59
2024,18393,40.59
2024,13976,1.76
13976,2024,1.76
13976,4922,12.39
4922,13976,12.39
4922,18398,66.44
18398,4922,66.44
18398,18271,54.87
18271,18398,54.87
18271,2031,12.2
2031,18271,12.2
4714,17852,5.41
17852,4714,5.41
17852,4713,6.82
4713,17852,6.82
4713,4712,58.71
4712,4713,58.71
4712,4711,43.29
4711,4712,43.29
4711,4710,54.2
4710,4711,54.2
4710,4709,80.4
4709,4710,80.4
4709,4708,89.46
4708,4709,89.46
4708,6225,13.2
6225,4708,13.2
6225,17200,62.93
17200,6225,62.93
17200,6226,57.76
6226,17200,57.76
6226,10243,69.84
10243,6226,69.84
10243,6227,105.75
6227,10243,105.75
6227,17843,52.04
17843,6227,52.04
17843,6228,15.51
6228,17843,15.51
6228,10241,43.54
10241,6228,43.54
10241,6229,6.88
6229,10241,6.88
6229,10239,9.06
10239,6229,9.06
10239,21893,62.02
21893,10239,62.02
21893,10237,20.43
10237,21893,20.43
10237,5204,18.9
5204,10237,18.9
6233,17418,101.61
17418,6233,101.61
17418,16866,78.42
16866,17418,78.42
16866,6234,66.36
6234,16866,66.36
6234,17424,109.95
17424,6234,109.95
17424,21883,2.82
21883,17424,2.82
21883,21891,6.33
21891,21883,6.33
21891,6235,1.01
6235,21891,1.01
6235,17425,79.19
17425,6235,79.19
17425,6238,5.78
6238,17425,5.78
6238,18508,280.86
18508,6238,280.86
18508,6240,11.79
6240,18508,11.79
6240,6242,59.6
6242,6240,59.6
6242,7331,40.57
7331,6242,40.57
7331,6243,5.72
6243,7331,5.72
6243,7329,4.69
7329,6243,4.69
7329,6255,44.05
6255,7329,44.05
6255,18498,28.05
18498,6255,28.05
18498,17841,58.55
17841,18498,58.55
17841,18502,37.3
18502,17841,37.3
18502,6254,93.59
6254,18502,93.59
6254,6253,62.6
6253,6254,62.6
6253,18504,35.01
18504,6253,35.01
18504,6252,36.0
6252,18504,36.0
6252,18506,14.66
18506,6252,14.66
18506,7332,58.65
7332,18506,58.65
7332,6251,7.11
6251,7332,7.11
6251,7333,6.18
7333,6251,6.18
7333,18507,48.71
18507,7333,48.71
18507,20820,50.88
20820,18507,50.88
20820,6250,37.14
6250,20820,37.14
6250,10244,53.8
10244,6250,53.8
10244,6249,4.47
6249,10244,4.47
6249,6248,149.22
6248,6249,149.22
6248,10242,63.24
10242,6248,63.24
10242,6247,1.84
6247,10242,1.84
6247,17848,6.39
17848,6247,6.39
17848,6230,4.56
6230,17848,4.56
6230,10240,3.32
10240,6230,3.32
10240,7646,78.11
7646,10240,78.11
7646,10238,4.61
10238,7646,4.61
10238,2901,2.92
2901,10238,2.92
2901,6232,9.06
6232,2901,9.06
19722,9829,6.8
9829,19722,6.8
9829,18472,40.91
18472,9829,40.91
18472,20813,54.33
20813,18472,54.33
20813,18471,33.98
18471,20813,33.98
18471,18470,81.22
18470,18471,81.22
18470,18469,28.87
18469,18470,28.87
18469,18468,72.01
18468,18469,72.01
18468,6245,117.83
6245,18468,117.83
6245,6411,30.88
6411,6245,30.88
6411,19739,7.32
19739,6411,7.32
19739,6413,9.09
6413,19739,9.09
6413,18474,36.66
18474,6413,36.66
18474,19738,89.31
19738,18474,89.31
19738,18492,18.19
18492,19738,18.19
18492,6431,95.04
6431,18492,95.04
6431,19737,12.03
19737,6431,12.03
19737,18496,39.42
18496,19737,39.42
18496,18497,99.68
18497,18496,99.68
18497,18499,78.86
18499,18497,78.86
18499,18500,51.32
18500,18499,51.32
18500,18503,88.62
18503,18500,88.62
18503,7330,109.46
7330,18503,109.46
7330,7324,10.03
7324,7330,10.03
7324,18493,38.9
18493,7324,38.9
18493,18483,107.5
18483,18493,107.5
18483,9835,4.29
9835,18483,4.29
9835,9834,13.5
9834,9835,13.5
9834,9833,9.43
9833,9834,9.43
9833,9832,8.32
9832,9833,8.32
9832,9831,15.46
9831,9832,15.46
9831,9830,47.65
9830,9831,47.65
9830,19722,4.1
19722,9830,4.1
2468,2461,20.81
2461,2468,20.81
2461,2442,33.27
2442,2461,33.27
2442,2430,29.62
2430,2442,29.62
2430,2422,37.72
2422,2430,37.72
2422,2420,10.94
2420,2422,10.94
2420,2421,43.12
2421,2420,43.12
2421,2418,18.35
2418,2421,18.35
2418,2417,25.19
2417,2418,25.19
2417,2416,9.35
2416,2417,9.35
2280,2301,278.05
2301,2280,278.05
2301,2360,28.22
2360,2301,28.22
2360,2395,28.85
2395,2360,28.85
2395,2398,23.22
2398,2395,23.22
2398,2409,5.96
2409,2398,5.96
23718,23729,17.73
23729,23718,17.73
23729,23737,9.75
23737,23729,9.75
23737,23740,14.37
23740,23737,14.37
23740,23721,56.24
23721,23740,56.24
23721,23720,49.78
23720,23721,49.78
23720,23719,20.19
23719,23720,20.19
23719,23717,40.4
23717,23719,40.4
23717,23716,42.95
23716,23717,42.95
23716,23715,19.5
23715,23716,19.5
23715,23714,40.4
23714,23715,40.4
2407,2408,84.46
2408,2407,84.46
2408,2410,59.23
2410,2408,59.23
2410,2411,7.55
2411,2410,7.55
2411,2412,91.64
2412,2411,91.64
2412,2413,22.23
2413,2412,22.23
2413,2415,45.06
2415,2413,45.06
2415,2429,100.02
2429,2415,100.02
2429,2432,26.31
2432,2429,26.31
2432,2469,113.35
2469,2432,113.35
2469,2468,3.8
2468,2469,3.8
22382,22378,60.23
22378,22382,60.23
22378,22379,10.66
22379,22378,10.66
22379,22380,10.13
22380,22379,10.13
22380,22381,23.72
22381,22380,23.72
22381,22377,28.63
22377,22381,28.63
22377,22375,19.5
22375,22377,19.5
22375,22374,28.17
22374,22375,28.17
22374,22373,38.04
22373,22374,38.04
22373,22371,17.35
22371,22373,17.35
22371,22368,31.77
22368,22371,31.77
22368,22370,11.98
22370,22368,11.98
751,721,132.14
721,751,132.14
721,722,44.79
722,721,44.79
722,727,19.6
727,722,19.6
727,747,106.34
747,727,106.34
747,750,40.23
750,747,40.23
750,766,16.14
766,750,16.14
22553,22552,7.85
22552,22553,7.85
22552,22550,11.09
22550,22552,11.09
22550,22548,10.39
22548,22550,10.39
22548,22543,13.76
22543,22548,13.76
22543,22542,12.68
22542,22543,12.68
22542,22540,42.44
22540,22542,42.44
22540,22541,8.07
22541,22540,8.07
22541,22538,23.84
22538,22541,23.84
22538,22509,18.43
22509,22538,18.43
22509,22480,26.23
22480,22509,26.23
22480,22478,18.1
22478,22480,18.1
22478,22444,65.28
22444,22478,65.28
2300,2355,161.12
2355,2300,161.12
2355,4535,89.53
4535,2355,89.53
4535,2356,54.66
2356,4535,54.66
2356,4536,59.09
4536,2356,59.09
2069,2100,48.27
2100,2069,48.27
766,850,84.07
850,766,84.07
2349,2298,159.93
2298,2349,159.93
2409,2397,117.14
2397,2409,117.14
2529,2524,34.89
2524,2529,34.89
2649,2648,6.35
2648,2649,6.35
2242,2244,29.94
2244,2242,29.94
23328,23244,74.82
23244,23328,74.82
1383,1396,116.11
1396,1383,116.11
2276,2275,15.69
2275,2276,15.69
2472,2438,38.6
2438,2472,38.6
582,584,55.04
584,582,55.04
850,931,99.51
931,850,99.51
602,603,77.69
603,602,77.69
603,17383,55.3
17383,603,55.3
17383,17386,113.03
17386,17383,113.03
17386,648,173.93
648,17386,173.93
2131,2132,19.27
2132,2131,19.27
2406,2404,12.35
2404,2406,12.35
120,20923,166.05
20923,120,166.05
2368,2359,41.67
2359,2368,41.67
2520,2525,42.37
2525,2520,42.37
23237,23231,21.64
23231,23237,21.64
23231,23222,16.28
23222,23231,16.28
23222,23185,19.19
23185,23222,19.19
23185,23174,7.07
23174,23185,7.07
23174,23173,6.76
23173,23174,6.76
23173,23172,8.16
23172,23173,8.16
23172,23224,35.1
23224,23172,35.1
23224,23227,8.92
23227,23224,8.92
23227,23229,11.3
23229,23227,11.3
23229,23232,27.09
23232,23229,27.09
23232,23230,28.4
23230,23232,28.4
23230,23221,29.39
23221,23230,29.39
23221,23223,19.63
23223,23221,19.63
23223,23226,15.81
23226,23223,15.81
23226,23228,23.64
23228,23226,23.64
23228,23225,15.18
23225,23228,15.18
23225,23213,11.86
23213,23225,11.86
23213,23181,19.95
23181,23213,19.95
23181,23165,33.32
23165,23181,33.32
23165,23164,15.87
23164,23165,15.87
23164,23163,12.54
23163,23164,12.54
23887,23927,114.17
23927,23887,114.17
5238,23328,10.44
23328,5238,10.44
2407,2414,62.7
2414,2407,62.7
2414,2492,103.93
2492,2414,103.93
2298,2277,124.72
2277,2298,124.72
2277,2273,79.75
2273,2277,79.75
766,754,48.86
754,766,48.86
754,751,23.57
751,754,23.57
2402,2405,18.32
2405,2402,18.32
2405,2407,23.15
2407,2405,23.15
2252,4533,139.37
4533,2252,139.37
2365,2402,60.38
2402,2365,60.38
2468,2475,42.11
2475,2468,42.11
2475,2476,31.24
2476,2475,31.24
1814,1821,14.52
1821,1814,14.52
1821,1829,15.71
1829,1821,15.71
1829,1816,20.81
1816,1829,20.81
1816,1808,49.43
1808,1816,49.43
1808,1811,11.34
1811,1808,11.34
1811,1819,38.91
1819,1811,38.91
1819,1828,12.93
1828,1819,12.93
1828,1801,21.42
1801,1828,21.42
1801,1800,14.85
1800,1801,14.85
1800,1815,14.44
1815,1800,14.44
1815,1835,16.1
1835,1815,16.1
1835,1831,16.62
1831,1835,16.62
1831,1813,15.1
1813,1831,15.1
1813,1804,9.89
1804,1813,9.89
1804,1798,13.42
1798,1804,13.42
1798,1797,14.85
1797,1798,14.85
1797,1803,32.86
1803,1797,32.86
1803,1795,17.89
1795,1803,17.89
1795,1793,17.42
1793,1795,17.42
1793,1812,16.1
1812,1793,16.1
1812,1830,13.7
1830,1812,13.7
1830,1820,5.2
1820,1830,5.2
1820,1794,20.05
1794,1820,20.05
1794,1792,14.51
1792,1794,14.51
1792,1787,15.35
1787,1792,15.35
1787,1790,11.91
1790,1787,11.91
1790,1788,17.76
1788,1790,17.76
1788,1786,26.83
1786,1788,26.83
1786,1785,5.79
1785,1786,5.79
1785,1762,45.43
1762,1785,45.43
1762,1745,22.11
1745,1762,22.11
20923,157,142.1
157,20923,142.1
2356,2404,101.87
2404,2356,101.87
2251,2252,140.71
2252,2251,140.71
2274,2300,204.93
2300,2274,204.93
2252,2280,277.28
2280,2252,277.28
932,939,80.36
939,932,80.36
939,942,119.31
942,939,119.31
942,1017,35.09
1017,942,35.09
5238,23175,112.73
23175,5238,112.73
22771,22776,47.2
22776,22771,47.2
22776,22770,16.36
22770,22776,16.36
22770,22768,12.34
22768,22770,12.34
22768,22762,31.06
22762,22768,31.06
22762,22759,19.13
22759,22762,19.13
22759,22758,16.85
22758,22759,16.85
22758,22756,3.82
22756,22758,3.82
22756,22752,17.35
22752,22756,17.35
22752,22747,12.14
22747,22752,12.14
22747,22741,23.48
22741,22747,23.48
22741,22711,32.99
22711,22741,32.99
22711,22707,8.01
22707,22711,8.01
22707,22706,11.19
22706,22707,11.19
22706,22724,21.54
22724,22706,21.54
22724,22731,3.11
22731,22724,3.11
22731,22735,15.25
22735,22731,15.25
22735,22737,4.44
22737,22735,4.44
22737,22736,9.4
22736,22737,9.4
22736,22732,14.39
22732,22736,14.39
22732,22701,62.49
22701,22732,62.49
22701,22699,29.36
22699,22701,29.36
22699,22697,24.0
22697,22699,24.0
22697,22695,17.64
22695,22697,17.64
22695,22696,12.46
22696,22695,12.46
22696,22703,60.04
22703,22696,60.04
22703,22705,23.96
22705,22703,23.96
22705,22708,17.13
22708,22705,17.13
22708,22710,25.71
22710,22708,25.71
22710,22734,47.08
22734,22710,47.08
22734,22738,30.8
22738,22734,30.8
22738,22733,15.17
22733,22738,15.17
22733,22709,15.68
22709,22733,15.68
22709,22702,19.23
22702,22709,19.23
22702,22698,22.16
22698,22702,22.16
22698,22684,20.62
22684,22698,20.62
22684,22683,12.89
22683,22684,12.89
22683,22669,14.15
22669,22683,14.15
22669,22665,10.36
22665,22669,10.36
22665,22664,14.24
22664,22665,14.24
22664,22638,26.56
22638,22664,26.56
22638,22563,30.11
22563,22638,30.11
22563,22551,36.63
22551,22563,36.63
22551,22537,20.85
22537,22551,20.85
22537,22465,61.21
22465,22537,61.21
836,876,111.74
876,836,111.74
2273,4533,67.98
4533,2273,67.98
4533,2243,131.25
2243,4533,131.25
2243,2241,36.55
2241,2243,36.55
2241,2240,8.97
2240,2241,8.97
2240,2165,72.89
2165,2240,72.89
2355,2357,68.23
2357,2355,68.23
2409,9187,4.49
9187,2409,4.49
9187,9188,121.4
9188,9187,121.4
9188,2419,25.45
2419,9188,25.45
22361,22360,16.13
22360,22361,16.13
22360,22359,7.75
22359,22360,7.75
22359,22357,1.75
22357,22359,1.75
22357,22356,23.91
22356,22357,23.91
2403,2409,170.22
2409,2403,170.22
120,14,113.48
14,120,113.48
23882,23884,80.76
23884,23882,80.76
23884,23885,20.21
23885,23884,20.21
23885,23887,40.61
23887,23885,40.61
582,587,22.23
587,582,22.23
587,589,18.26
589,587,18.26
589,604,98.78
604,589,98.78
604,603,10.48
603,604,10.48
2404,2403,186.34
2403,2404,186.34
23823,23825,11.48
23825,23823,11.48
23825,23830,53.15
23830,23825,53.15
23830,23858,27.99
23858,23830,27.99
23858,23865,19.85
23865,23858,19.85
23865,23881,58.06
23881,23865,58.06
590,583,68.84
583,590,68.84
583,576,33.28
576,583,33.28
576,527,27.12
527,576,27.12
527,486,19.46
486,527,19.46
486,17380,17.03
17380,486,17.03
23816,23817,8.17
23817,23816,8.17
23817,23818,7.14
23818,23817,7.14
23818,23819,52.73
23819,23818,52.73
23819,23820,47.51
23820,23819,47.51
23820,23821,29.21
23821,23820,29.21
23821,23823,119.38
23823,23821,119.38
934,937,71.57
937,934,71.57
937,936,14.81
936,937,14.81
936,933,42.7
933,936,42.7
933,935,6.3
935,933,6.3
935,938,67.92
938,935,67.92
2349,2352,9.51
2352,2349,9.51
2352,2358,43.94
2358,2352,43.94
2358,2378,70.57
2378,2358,70.57
2378,2384,4.44
2384,2378,4.44
2384,2391,3.87
2391,2384,3.87
2391,2403,60.98
2403,2391,60.98
2273,2274,249.59
2274,2273,249.59
2520,2522,53.98
2522,2520,53.98
2522,2524,129.15
2524,2522,129.15
603,610,0.39
610,603,0.39
610,645,23.29
645,610,23.29
645,661,58.89
661,645,58.89
661,680,54.23
680,661,54.23
680,19502,42.43
19502,680,42.43
19502,725,65.14
725,19502,65.14
725,726,26.68
726,725,26.68
23175,23162,68.52
23162,23175,68.52
23162,7193,69.97
7193,23162,69.97
7193,23109,84.82
23109,7193,84.82
22356,22354,9.44
22354,22356,9.44
22354,22355,9.32
22355,22354,9.32
22355,22358,6.99
22358,22355,6.99
22358,22369,22.16
22369,22358,22.16
22369,22372,14.63
22372,22369,14.63
22372,22376,18.53
22376,22372,18.53
22376,22409,57.38
22409,22376,57.38
2402,2400,23.43
2400,2402,23.43
2400,2399,36.21
2399,2400,36.21
2399,2396,43.86
2396,2399,43.86
2396,2394,41.92
2394,2396,41.92
2394,2393,9.38
2393,2394,9.38
2393,2392,4.55
2392,2393,4.55
2392,2368,46.76
2368,2392,46.76
751,753,38.57
753,751,38.57
753,773,45.65
773,753,45.65
773,861,49.8
861,773,49.8
861,927,32.78
927,861,32.78
2492,2494,23.13
2494,2492,23.13
2494,2495,22.69
2495,2494,22.69
2495,2496,19.15
2496,2495,19.15
2496,2497,42.96
2497,2496,42.96
2497,2498,18.55
2498,2497,18.55
2498,2499,4.05
2499,2498,4.05
2499,2500,18.51
2500,2499,18.51
2274,2272,144.54
2272,2274,144.54
2272,4534,224.92
4534,2272,224.92
1917,1901,65.1
1901,1917,65.1
1901,1841,57.1
1841,1901,57.1
1841,1796,22.59
1796,1841,22.59
1796,1791,20.97
1791,1796,20.97
1791,1789,7.07
1789,1791,7.07
1789,1766,37.19
1766,1789,37.19
1766,1744,33.2
1744,1766,33.2
2476,2474,37.24
2474,2476,37.24
2474,2477,83.38
2477,2474,83.38
2477,2478,150.41
2478,2477,150.41
2478,2489,62.31
2489,2478,62.31
2489,2490,36.11
2490,2489,36.11
2490,2493,67.06
2493,2490,67.06
2493,2491,49.5
2491,2493,49.5
2491,2492,4.87
2492,2491,4.87
6879,6878,44.3
6878,6879,44.3
6759,6758,101.32
6758,6759,101.32
6881,6880,65.55
6880,6881,65.55
6880,6879,45.61
6879,6880,45.61
6905,6906,31.86
6906,6905,31.86
6555,1292,230.69
1292,6555,230.69
1292,6547,115.85
6547,1292,115.85
6725,6752,97.89
6752,6725,97.89
6786,6780,278.6
6780,6786,278.6
5830,5845,10.94
5845,5830,10.94
6882,6881,80.13
6881,6882,80.13
6288,6289,116.71
6289,6288,116.71
6289,6287,104.29
6287,6289,104.29
6758,6756,21.98
6756,6758,21.98
6237,6236,133.92
6236,6237,133.92
6236,6241,25.71
6241,6236,25.71
6241,6244,48.68
6244,6241,48.68
6810,7654,36.24
7654,6810,36.24
7654,6807,59.05
6807,7654,59.05
6807,6797,138.09
6797,6807,138.09
6797,6786,52.18
6786,6797,52.18
6389,10309,5.06
10309,6389,5.06
10309,6386,114.83
6386,10309,114.83
6386,6378,145.06
6378,6386,145.06
6378,6370,49.83
6370,6378,49.83
6370,6323,130.16
6323,6370,130.16
6760,6761,3.47
6761,6760,3.47
6761,6764,76.01
6764,6761,76.01
6764,6774,88.57
6774,6764,88.57
6364,6363,40.71
6363,6364,40.71
6363,6366,14.46
6366,6363,14.46
6366,6369,160.01
6369,6366,160.01
6369,6370,109.03
6370,6369,109.03
6221,6224,87.27
6224,6221,87.27
6224,6231,37.32
6231,6224,37.32
6231,6239,17.84
6239,6231,17.84
6239,6256,39.71
6256,6239,39.71
6456,6455,16.42
6455,6456,16.42
6455,6454,126.65
6454,6455,126.65
6454,9978,79.15
9978,6454,79.15
9978,6426,37.78
6426,9978,37.78
6426,6415,191.52
6415,6426,191.52
6765,6755,145.24
6755,6765,145.24
6755,5094,3.56
5094,6755,3.56
5094,5093,3.83
5093,5094,3.83
5093,6754,48.91
6754,5093,48.91
6754,5095,2.93
5095,6754,2.93
5095,6753,91.49
6753,5095,91.49
6403,6402,0.22
6402,6403,0.22
6402,6398,129.03
6398,6402,129.03
6398,6397,66.33
6397,6398,66.33
6397,6396,148.26
6396,6397,148.26
6396,6395,24.87
6395,6396,24.87
6395,6394,21.86
6394,6395,21.86
6394,6392,49.78
6392,6394,49.78
6392,6390,57.25
6390,6392,57.25
14291,14290,2.96
14290,14291,2.96
14290,14286,19.08
14286,14290,19.08
14286,14273,12.6
14273,14286,12.6
14273,14261,15.11
14261,14273,15.11
14261,14228,20.01
14228,14261,20.01
14228,14192,16.61
14192,14228,16.61
14192,14188,8.07
14188,14192,8.07
14188,14162,18.72
14162,14188,18.72
14162,14136,20.68
14136,14162,20.68
13883,13880,3.5
13880,13883,3.5
13880,13877,9.45
13877,13880,9.45
13877,13876,5.34
13876,13877,5.34
13876,13872,8.95
13872,13876,8.95
13872,13869,15.68
13869,13872,15.68
13869,13862,22.03
13862,13869,22.03
13862,13835,57.96
13835,13862,57.96
13835,13804,18.14
13804,13835,18.14
13804,13801,16.55
13801,13804,16.55
14237,14096,168.75
14096,14237,168.75
16354,16344,107.14
16344,16354,107.14
16344,16350,15.39
16350,16344,15.39
16350,16362,7.07
16362,16350,7.07
16362,16360,42.76
16360,16362,42.76
16360,735,40.46
735,16360,40.46
735,16486,7.8
16486,735,7.8
14183,14177,54.42
14177,14183,54.42
14177,14174,9.38
14174,14177,9.38
14174,14171,31.3
14171,14174,31.3
14171,14176,8.76
14176,14171,8.76
14176,14187,19.43
14187,14176,19.43
14187,14214,32.93
14214,14187,32.93
14214,14242,17.52
14242,14214,17.52
14242,14289,45.07
14289,14242,45.07
14289,14294,10.55
14294,14289,10.55
14294,14291,12.11
14291,14294,12.11
14318,5434,22.21
5434,14318,22.21
5434,21063,3.32
21063,5434,3.32
21063,21064,6.83
21064,21063,6.83
21064,14309,10.96
14309,21064,10.96
14309,14303,5.93
14303,14309,5.93
14303,14301,13.55
14301,14303,13.55
14301,14297,5.29
14297,14301,5.29
14297,21065,14.08
21065,14297,14.08
21065,14293,12.87
14293,21065,12.87
14293,14285,12.21
14285,14293,12.21
14285,14268,13.57
14268,14285,13.57
14268,14253,20.45
14253,14268,20.45
14253,14230,6.81
14230,14253,6.81
16460,16404,38.84
16404,16460,38.84
16404,16373,91.61
16373,16404,91.61
16373,16346,61.15
16346,16373,61.15
16346,16337,43.79
16337,16346,43.79
16337,16318,9.03
16318,16337,9.03
14101,14102,10.2
14102,14101,10.2
14102,14103,11.94
14103,14102,11.94
14103,14104,17.01
14104,14103,17.01
14104,14099,18.1
14099,14104,18.1
14099,14094,16.88
14094,14099,16.88
14094,14087,19.43
14087,14094,19.43
14087,14082,19.94
14082,14087,19.94
14082,14068,35.39
14068,14082,35.39
14068,14059,24.77
14059,14068,24.77
14059,14054,18.12
14054,14059,18.12
14054,14052,7.57
14052,14054,7.57
17035,17033,17.62
17033,17035,17.62
17033,17037,11.19
17037,17033,11.19
17037,17041,32.85
17041,17037,32.85
17041,17042,17.67
17042,17041,17.67
17042,17040,14.86
17040,17042,14.86
17040,17038,20.15
17038,17040,20.15
17038,17039,9.07
17039,17038,9.07
17039,17043,11.47
17043,17039,11.47
17043,17802,17.6
17802,17043,17.6
17802,17047,16.85
17047,17802,16.85
17047,17068,19.0
17068,17047,19.0
17068,17072,26.6
17072,17068,26.6
13990,13962,26.85
13962,13990,26.85
13962,13951,28.91
13951,13962,28.91
13951,13950,3.65
13950,13951,3.65
13950,13943,33.8
13943,13950,33.8
13943,13938,19.88
13938,13943,19.88
13938,13934,33.78
13934,13938,33.78
13934,13929,20.2
13929,13934,20.2
13929,13916,30.52
13916,13929,30.52
13916,13896,46.0
13896,13916,46.0
13896,13894,6.37
13894,13896,6.37
13894,13890,17.41
13890,13894,17.41
13890,13886,32.34
13886,13890,32.34
15106,15104,21.78
15104,15106,21.78
15104,15100,23.1
15100,15104,23.1
15100,15097,23.44
15097,15100,23.44
15097,15094,18.12
15094,15097,18.12
15094,15091,21.98
15091,15094,21.98
15091,15062,56.25
15062,15091,56.25
15062,15058,17.88
15058,15062,17.88
15058,15055,38.2
15055,15058,38.2
15055,15052,34.95
15052,15055,34.95
15052,15047,44.12
15047,15052,44.12
14298,14284,46.22
14284,14298,46.22
14284,14269,15.35
14269,14284,15.35
14269,14267,5.35
14267,14269,5.35
14267,14197,58.09
14197,14267,58.09
14197,14182,24.91
14182,14197,24.91
14182,14179,2.26
14179,14182,2.26
14179,14169,7.54
14169,14179,7.54
14169,14156,11.93
14156,14169,11.93
14156,14148,8.53
14148,14156,8.53
14148,14130,18.41
14130,14148,18.41
14130,14125,12.57
14125,14130,12.57
14125,14121,5.74
14121,14125,5.74
14559,14569,4.43
14569,14559,4.43
14569,14576,24.08
14576,14569,24.08
14576,14581,18.27
14581,14576,18.27
14581,14591,17.04
14591,14581,17.04
14591,14594,18.57
14594,14591,18.57
14594,14599,17.95
14599,14594,17.95
14599,5426,5.16
5426,14599,5.16
5426,5427,4.65
5427,5426,4.65
5427,14601,7.06
14601,5427,7.06
14601,14596,17.44
14596,14601,17.44
14596,14595,7.95
14595,14596,7.95
14595,14598,7.81
14598,14595,7.81
14598,14603,4.41
14603,14598,4.41
14603,5428,4.23
5428,14603,4.23
5428,20470,4.3
20470,5428,4.3
20470,5429,3.75
5429,20470,3.75
5429,5430,7.03
5430,5429,7.03
5430,14605,15.94
14605,5430,15.94
15181,15183,16.26
15183,15181,16.26
15183,15185,16.47
15185,15183,16.47
15185,15191,31.01
15191,15185,31.01
15191,15197,17.55
15197,15191,17.55
15197,15208,13.02
15208,15197,13.02
15208,15212,18.2
15212,15208,18.2
15212,15215,21.72
15215,15212,21.72
15215,15262,45.72
15262,15215,45.72
15262,15273,37.97
15273,15262,37.97
15273,15286,22.18
15286,15273,22.18
15286,15290,25.77
15290,15286,25.77
15290,15295,35.02
15295,15290,35.02
15536,15538,27.55
15538,15536,27.55
15538,15539,16.33
15539,15538,16.33
15539,15543,26.41
15543,15539,26.41
15543,15547,14.42
15547,15543,14.42
15547,15548,11.84
15548,15547,11.84
15548,15549,20.86
15549,15548,20.86
15549,6301,11.49
6301,15549,11.49
6301,15546,11.01
15546,6301,11.01
15546,15550,10.14
15550,15546,10.14
15550,15551,3.38
15551,15550,3.38
15551,15553,16.71
15553,15551,16.71
15553,15564,34.33
15564,15553,34.33
15564,15566,29.69
15566,15564,29.69
15566,15568,29.8
15568,15566,29.8
15568,15588,45.35
15588,15568,45.35
15588,8470,47.26
8470,15588,47.26
17490,17489,15.49
17489,17490,15.49
17489,17493,9.62
17493,17489,9.62
17493,17487,9.02
17487,17493,9.02
17487,17486,10.37
17486,17487,10.37
17486,17485,8.06
17485,17486,8.06
17485,17484,9.49
17484,17485,9.49
17484,17483,10.31
17483,17484,10.31
17483,17482,20.02
17482,17483,20.02
17482,17481,8.31
17481,17482,8.31
17481,17480,21.91
17480,17481,21.91
17480,17479,10.55
17479,17480,10.55
17479,17478,11.92
17478,17479,11.92
17478,17477,61.62
17477,17478,61.62
17477,17476,6.24
17476,17477,6.24
17476,17475,4.73
17475,17476,4.73
17475,17474,6.73
17474,17475,6.73
17474,17473,40.92
17473,17474,40.92
17473,17472,12.04
17472,17473,12.04
17472,17471,13.56
17471,17472,13.56
17471,17470,9.05
17470,17471,9.05
17470,17469,8.91
17469,17470,8.91
17469,17468,6.42
17468,17469,6.42
17468,17467,71.39
17467,17468,71.39
17467,17466,3.27
17466,17467,3.27
17466,17465,6.26
17465,17466,6.26
17465,17464,3.99
17464,17465,3.99
17464,17463,104.58
17463,17464,104.58
17463,17462,11.21
17462,17463,11.21
17462,17461,5.51
17461,17462,5.51
17461,17460,15.69
17460,17461,15.69
17460,17459,12.44
17459,17460,12.44
17459,17458,52.95
17458,17459,52.95
17458,17457,7.7
17457,17458,7.7
13908,13911,5.13
13911,13908,5.13
13911,13915,20.29
13915,13911,20.29
13915,13918,23.37
13918,13915,23.37
13918,13922,44.9
13922,13918,44.9
13922,13930,19.78
13930,13922,19.78
13930,13932,8.49
13932,13930,8.49
13932,13936,13.79
13936,13932,13.79
13936,13942,10.28
13942,13936,10.28
13942,13961,30.87
13961,13942,30.87
13961,14010,18.25
14010,13961,18.25
14010,14014,10.9
14014,14010,10.9
14014,14016,17.88
14016,14014,17.88
14016,14013,27.55
14013,14016,27.55
14013,14024,14.91
14024,14013,14.91
14024,14034,14.56
14034,14024,14.56
14034,14046,37.68
14046,14034,37.68
16265,16266,13.1
16266,16265,13.1
16266,16269,10.37
16269,16266,10.37
16269,16271,12.44
16271,16269,12.44
16271,16278,13.01
16278,16271,13.01
16278,16286,46.56
16286,16278,46.56
16286,16289,10.72
16289,16286,10.72
16289,16295,32.64
16295,16289,32.64
16295,16304,17.09
16304,16295,17.09
16304,16310,17.88
16310,16304,17.88
16310,16319,24.1
16319,16310,24.1
16319,16324,15.74
16324,16319,15.74
16324,16328,13.38
16328,16324,13.38
16328,16332,18.7
16332,16328,18.7
16332,16345,20.04
16345,16332,20.04
16345,16353,15.76
16353,16345,15.76
16353,16380,32.43
16380,16353,32.43
16380,16387,13.56
16387,16380,13.56
15533,15517,36.72
15517,15533,36.72
15517,15437,26.57
15437,15517,26.57
15437,15392,12.45
15392,15437,12.45
15392,15384,39.97
15384,15392,39.97
15384,15370,13.76
15370,15384,13.76
15370,15352,45.68
15352,15370,45.68
15352,15336,29.57
15336,15352,29.57
15336,15328,41.64
15328,15336,41.64
15328,15296,185.15
15296,15328,185.15
15296,15231,37.12
15231,15296,37.12
15337,15334,20.51
15334,15337,20.51
15334,15332,15.94
15332,15334,15.94
15332,15330,21.74
15330,15332,21.74
15330,15326,13.5
15326,15330,13.5
15326,15325,43.08
15325,15326,43.08
15325,15323,22.41
15323,15325,22.41
15323,15284,17.07
15284,15323,17.07
15284,15275,198.22
15275,15284,198.22
15275,15231,104.22
15231,15275,104.22
14532,21102,10.92
21102,14532,10.92
21102,21105,7.53
21105,21102,7.53
21105,16588,14.8
16588,21105,14.8
16588,14467,6.43
14467,16588,6.43
14467,14448,14.62
14448,14467,14.62
14448,14446,7.92
14446,14448,7.92
14446,14445,15.52
14445,14446,15.52
14445,21101,13.81
21101,14445,13.81
21101,14442,12.15
14442,21101,12.15
14442,14439,21.31
14439,14442,21.31
14439,5431,8.18
5431,14439,8.18
5431,14409,10.62
14409,5431,10.62
14409,14431,13.18
14431,14409,13.18
14431,14438,22.13
14438,14431,22.13
14438,14435,3.33
14435,14438,3.33
14435,21100,5.69
21100,14435,5.69
21100,14408,9.56
14408,21100,9.56
14408,21099,2.31
21099,14408,2.31
21099,21094,24.97
21094,21099,24.97
21094,5432,6.91
5432,21094,6.91
5432,14377,16.08
14377,5432,16.08
14377,14371,7.11
14371,14377,7.11
14371,14368,14.62
14368,14371,14.62
14368,14348,9.53
14348,14368,9.53
14348,14346,8.87
14346,14348,8.87
14346,14338,11.33
14338,14346,11.33
14338,14333,17.8
14333,14338,17.8
13923,13953,108.36
13953,13923,108.36
14044,14033,59.4
14033,14044,59.4
16293,16297,23.07
16297,16293,23.07
14572,14586,54.44
14586,14572,54.44
14586,14638,179.38
14638,14586,179.38
14638,14664,117.26
14664,14638,117.26
14372,14369,35.88
14369,14372,35.88
14369,14312,85.27
14312,14369,85.27
14547,14549,28.47
14549,14547,28.47
13508,4074,28.87
4074,13508,28.87
14866,14735,111.46
14735,14866,111.46
15864,23112,24.65
23112,15864,24.65
3873,14043,12.13
14043,3873,12.13
14043,13904,242.44
13904,14043,242.44
13904,3761,94.96
3761,13904,94.96
3761,3762,212.99
3762,3761,212.99
14052,14046,22.93
14046,14052,22.93
13953,13866,174.08
13866,13953,174.08
13904,3764,86.57
3764,13904,86.57
3764,3763,47.1
3763,3764,47.1
3763,13875,8.42
13875,3763,8.42
14622,14623,47.65
14623,14622,47.65
14108,14105,26.54
14105,14108,26.54
14105,14098,11.74
14098,14105,11.74
14098,14088,20.68
14088,14098,20.68
14088,14080,21.31
14080,14088,21.31
14080,14072,13.09
14072,14080,13.09
14072,14064,27.26
14064,14072,27.26
14064,14057,12.27
14057,14064,12.27
14057,14045,27.47
14045,14057,27.47
14045,14042,10.51
14042,14045,10.51
14042,14035,28.12
14035,14042,28.12
14035,14023,15.64
14023,14035,15.64
14023,14019,7.92
14019,14023,7.92
14019,14009,20.51
14009,14019,20.51
14009,13972,10.05
13972,14009,10.05
13972,13933,51.79
13933,13972,51.79
13933,13924,11.01
13924,13933,11.01
13924,13920,9.72
13920,13924,9.72
13920,13914,17.99
13914,13920,17.99
13914,13908,23.27
13908,13914,23.27
14543,14552,20.39
14552,14543,20.39
14552,14568,46.66
14568,14552,46.66
14568,21114,15.79
21114,14568,15.79
21114,21115,10.92
21115,21114,10.92
21115,14577,16.68
14577,21115,16.68
14577,21116,26.84
21116,14577,26.84
21116,14593,16.0
14593,21116,16.0
14593,20437,20.15
20437,14593,20.15
20437,14607,6.81
14607,20437,6.81
14607,14613,25.48
14613,14607,25.48
14613,14622,20.89
14622,14613,20.89
14622,21039,23.27
21039,14622,23.27
21039,14648,81.9
14648,21039,81.9
14648,14650,28.24
14650,14648,28.24
14650,14653,18.96
14653,14650,18.96
14653,14655,13.44
14655,14653,13.44
14655,14654,26.23
14654,14655,26.23
14654,14652,12.87
14652,14654,12.87
14652,14649,24.42
14649,14652,24.42
14649,21038,20.47
21038,14649,20.47
21038,14646,10.17
14646,21038,10.17
14646,14634,18.4
14634,14646,18.4
14634,14625,18.42
14625,14634,18.42
14625,14616,23.99
14616,14625,23.99
14616,20490,26.1
20490,14616,26.1
20490,14606,15.99
14606,20490,15.99
14606,14602,7.35
14602,14606,7.35
14602,14597,8.89
14597,14602,8.89
14597,20488,8.51
20488,14597,8.51
20488,14592,9.47
14592,20488,9.47
14592,14582,13.36
14582,14592,13.36
14582,14579,23.43
14579,14582,23.43
14579,14575,17.88
14575,14579,17.88
14575,14570,18.67
14570,14575,18.67
14570,14555,12.04
14555,14570,12.04
16182,16170,62.94
16170,16182,62.94
16170,16168,24.69
16168,16170,24.69
16168,16161,29.15
16161,16168,29.15
16161,16133,14.18
16133,16161,14.18
16133,16067,68.52
16067,16133,68.52
16067,16064,26.36
16064,16067,26.36
16064,16061,18.01
16061,16064,18.01
16061,16058,16.38
16058,16061,16.38
16058,16056,14.14
16056,16058,14.14
16056,16054,40.97
16054,16056,40.97
16054,16049,12.55
16049,16054,12.55
16049,16048,24.52
16048,16049,24.52
16048,16046,21.79
16046,16048,21.79
16046,16045,13.26
16045,16046,13.26
16045,16043,17.57
16043,16045,17.57
16043,16039,15.07
16039,16043,15.07
16039,16037,12.09
16037,16039,12.09
16037,16032,24.75
16032,16037,24.75
16032,16029,30.82
16029,16032,30.82
16029,15990,68.39
15990,16029,68.39
16624,16609,16.56
16609,16624,16.56
16609,16607,16.91
16607,16609,16.91
16607,16604,18.17
16604,16607,18.17
16604,16601,11.34
16601,16604,11.34
16601,16579,12.96
16579,16601,12.96
16579,16573,9.02
16573,16579,9.02
16573,16521,23.31
16521,16573,23.31
16521,16514,11.99
16514,16521,11.99
16514,16512,8.55
16512,16514,8.55
16512,16508,16.98
16508,16512,16.98
16508,16506,12.73
16506,16508,12.73
16506,16502,17.15
16502,16506,17.15
16502,16499,13.83
16499,16502,13.83
16499,16495,12.65
16495,16499,12.65
16495,16492,17.34
16492,16495,17.34
16492,16488,13.5
16488,16492,13.5
16488,16474,14.27
16474,16488,14.27
16474,16427,10.07
16427,16474,10.07
16427,16420,12.73
16420,16427,12.73
16420,16412,9.8
16412,16420,9.8
16412,16399,15.37
16399,16412,15.37
16399,16387,34.86
16387,16399,34.86
14046,14053,11.45
14053,14046,11.45
14053,14056,11.6
14056,14053,11.6
14056,14062,16.73
14062,14056,16.73
14062,14066,16.09
14066,14062,16.09
14066,14070,13.52
14070,14066,13.52
14070,14078,15.76
14078,14070,15.76
14078,14079,9.79
14079,14078,9.79
14079,14083,18.43
14083,14079,18.43
14083,14084,14.91
14084,14083,14.91
14084,14086,9.66
14086,14084,9.66
14086,14089,11.18
14089,14086,11.18
14089,14090,1.5
14090,14089,1.5
14090,14095,8.24
14095,14090,8.24
14095,14097,11.05
14097,14095,11.05
14097,14100,15.92
14100,14097,15.92
14100,14106,10.24
14106,14100,10.24
14106,14107,6.29
14107,14106,6.29
14107,14109,8.09
14109,14107,8.09
14109,14110,12.48
14110,14109,12.48
14110,14113,7.46
14113,14110,7.46
14113,14115,18.47
14115,14113,18.47
14115,14124,18.27
14124,14115,18.27
14124,14131,17.17
14131,14124,17.17
14131,14139,12.41
14139,14131,12.41
14139,14159,20.42
14159,14139,20.42
14159,14183,45.09
14183,14159,45.09
15297,15294,59.66
15294,15297,59.66
15294,15293,8.26
15293,15294,8.26
15293,15292,14.05
15292,15293,14.05
15292,15288,19.97
15288,15292,19.97
15288,15287,8.71
15287,15288,8.71
15287,15285,14.61
15285,15287,14.61
15285,15276,13.37
15276,15285,13.37
15276,15272,9.62
15272,15276,9.62
15272,15271,11.63
15271,15272,11.63
15271,15243,20.26
15243,15271,20.26
